0.222, 0.775, Class 1.
0.242, 0.729, Class 1.
0.275, 0.792, Class 1.
0.163, 0.697, Class 1.
0.316, 0.848, Class 1.
0.279, 0.852, Class 1.
0.180, 0.769, Class 1.
0.240, 0.729, Class 1.
0.198, 0.781, Class 1.
0.144, 0.951, Class 1.
0.192, 0.787, Class 1.
0.130, 0.846, Class 1.
0.218, 0.792, Class 1.
0.169, 0.770, Class 1.
0.313, 0.875, Class 1.
0.370, 0.880, Class 1.
0.296, 0.861, Class 1.
0.334, 0.865, Class 1.
0.283, 0.846, Class 1.
0.428, 0.778, Class 1.
0.402, 0.852, Class 1.
0.381, 0.823, Class 1.
0.446, 0.951, Class 1.
0.393, 0.988, Class 1.
0.324, 0.904, Class 1.
0.297, 0.922, Class 1.
0.216, 0.873, Class 1.
0.409, 0.936, Class 1.
0.243, 0.911, Class 1.
0.254, 0.921, Class 1.
0.271, 0.845, Class 1.
0.226, 0.910, Class 1.
0.234, 0.871, Class 1.
0.330, 0.814, Class 1.
0.236, 0.962, Class 1.
0.270, 0.837, Class 1.
0.284, 0.866, Class 1.
0.242, 0.925, Class 1.
0.260, 0.892, Class 1.
0.256, 0.962, Class 1.
0.267, 0.890, Class 1.
0.260, 0.912, Class 1.
0.193, 0.914, Class 1.
0.233, 0.835, Class 1.
0.243, 0.884, Class 1.
0.360, 0.827, Class 1.
0.199, 0.960, Class 1.
0.273, 0.979, Class 1.
0.321, 0.899, Class 1.
0.045, 0.853, Class 1.
0.050, 0.922, Class 1.
0.128, 0.870, Class 1.
0.071, 0.774, Class 1.
0.092, 0.832, Class 1.
0.107, 0.896, Class 1.
0.064, 0.814, Class 1.
0.118, 0.924, Class 1.
0.079, 0.930, Class 1.
0.008, 0.798, Class 1.
0.105, 0.816, Class 1.
0.142, 0.798, Class 1.
0.196, 0.861, Class 1.
0.076, 0.926, Class 1.
0.139, 0.796, Class 1.
0.114, 0.927, Class 1.
0.136, 0.865, Class 1.
0.057, 0.874, Class 1.
0.095, 0.754, Class 1.
0.117, 0.881, Class 1.
0.099, 0.861, Class 1.
0.152, 0.746, Class 1.
0.182, 0.738, Class 1.
0.221, 0.810, Class 1.
0.139, 0.774, Class 1.
0.213, 0.757, Class 1.
0.069, 0.688, Class 1.
0.107, 0.686, Class 1.
0.211, 0.793, Class 1.
0.166, 0.707, Class 1.
0.162, 0.679, Class 1.
0.072, 0.753, Class 1.
0.144, 0.723, Class 1.
0.187, 0.826, Class 1.
0.146, 0.832, Class 1.
0.128, 0.710, Class 1.
0.239, 0.765, Class 1.
0.181, 0.720, Class 1.
0.194, 0.780, Class 1.
0.161, 0.802, Class 1.
0.165, 0.811, Class 1.
0.107, 0.706, Class 1.
0.206, 0.845, Class 1.
0.153, 0.699, Class 1.
0.150, 0.744, Class 1.
0.142, 0.878, Class 1.
0.197, 0.787, Class 1.
0.158, 0.750, Class 1.
0.145, 0.802, Class 1.
0.110, 0.690, Class 1.
0.259, 0.897, Class 1.
0.199, 0.761, Class 1.
0.180, 0.772, Class 1.
0.182, 0.717, Class 1.
0.169, 0.722, Class 1.
0.131, 0.825, Class 1.
0.517, 0.692, Class 1.
0.296, 0.722, Class 1.
0.340, 0.704, Class 1.
0.387, 0.709, Class 1.
0.284, 0.701, Class 1.
0.401, 0.743, Class 1.
0.334, 0.775, Class 1.
0.496, 0.833, Class 1.
0.411, 0.748, Class 1.
0.425, 0.748, Class 1.
0.385, 0.780, Class 1.
0.443, 0.752, Class 1.
0.483, 0.698, Class 1.
0.506, 0.797, Class 1.
0.389, 0.751, Class 1.
0.395, 0.770, Class 1.
0.464, 0.789, Class 1.
0.412, 0.758, Class 1.
0.450, 0.844, Class 1.
0.479, 0.803, Class 1.
0.389, 0.855, Class 1.
0.452, 0.699, Class 1.
0.422, 0.811, Class 1.
0.409, 0.790, Class 1.
0.469, 0.773, Class 1.
0.400, 0.730, Class 1.
0.360, 0.732, Class 1.
0.398, 0.731, Class 1.
0.541, 0.830, Class 1.
0.332, 0.771, Class 1.
0.438, 0.861, Class 1.
0.384, 0.893, Class 1.
0.506, 0.902, Class 1.
0.516, 0.890, Class 1.
0.430, 0.819, Class 1.
0.404, 0.840, Class 1.
0.433, 0.920, Class 1.
0.329, 0.911, Class 1.
0.468, 0.870, Class 1.
0.353, 0.956, Class 1.
0.409, 0.933, Class 1.
0.475, 0.873, Class 1.
0.358, 0.937, Class 1.
0.427, 0.857, Class 1.
0.457, 0.858, Class 1.
0.423, 0.975, Class 1.
0.442, 0.901, Class 1.
0.458, 0.931, Class 1.
0.315, 0.946, Class 1.
0.381, 0.939, Class 1.
0.378, 0.812, Class 1.
0.458, 0.967, Class 1.
0.389, 0.915, Class 1.
0.447, 0.951, Class 1.
0.339, 0.943, Class 1.
0.365, 0.838, Class 1.
0.384, 0.831, Class 1.
0.365, 0.899, Class 1.
0.473, 0.930, Class 1.
0.355, 0.732, Class 1.
0.420, 0.939, Class 1.
0.524, 0.850, Class 1.
0.360, 0.825, Class 1.
0.383, 0.933, Class 1.
0.420, 0.908, Class 1.
0.480, 0.905, Class 1.
0.411, 0.915, Class 1.
0.348, 0.880, Class 1.
0.400, 0.875, Class 1.
0.488, 0.830, Class 1.
0.333, 0.692, Class 1.
0.277, 0.690, Class 1.
0.240, 0.702, Class 1.
0.372, 0.694, Class 1.
0.290, 0.603, Class 1.
0.325, 0.691, Class 1.
0.331, 0.728, Class 1.
0.144, 0.818, Class 1.
0.246, 0.861, Class 1.
0.145, 0.733, Class 1.
0.162, 0.817, Class 1.
0.136, 0.831, Class 1.
0.204, 0.843, Class 1.
0.178, 0.801, Class 1.
0.372, 0.787, Class 1.
0.233, 0.800, Class 1.
0.335, 0.909, Class 1.
0.293, 0.812, Class 1.
0.330, 0.809, Class 1.
0.312, 0.842, Class 1.
0.420, 0.755, Class 1.
0.246, 0.768, Class 1.
0.345, 0.788, Class 1.
0.267, 0.799, Class 1.
0.349, 0.687, Class 1.
0.344, 0.809, Class 1.
0.364, 0.707, Class 1.
0.321, 0.777, Class 1.
0.338, 0.799, Class 1.
0.274, 0.813, Class 1.
0.261, 0.817, Class 1.
0.286, 0.667, Class 1.
0.316, 0.799, Class 1.
0.257, 0.770, Class 1.
0.263, 0.782, Class 1.
0.271, 0.789, Class 1.
0.349, 0.804, Class 1.
0.302, 0.704, Class 1.
0.316, 0.792, Class 1.
0.280, 0.814, Class 1.
0.293, 0.787, Class 1.
0.424, 0.742, Class 1.
0.354, 0.807, Class 1.
0.285, 0.849, Class 1.
0.247, 0.802, Class 1.
0.400, 0.766, Class 1.
0.315, 0.772, Class 1.
0.298, 0.857, Class 1.
0.379, 0.740, Class 1.
0.144, 0.595, Class 1.
0.258, 0.721, Class 1.
0.221, 0.580, Class 1.
0.170, 0.715, Class 1.
0.168, 0.647, Class 1.
0.240, 0.663, Class 1.
0.191, 0.709, Class 1.
0.254, 0.637, Class 1.
0.231, 0.565, Class 1.
0.233, 0.619, Class 1.
0.143, 0.638, Class 1.
0.164, 0.546, Class 1.
0.165, 0.630, Class 1.
0.120, 0.656, Class 1.
0.110, 0.895, Class 1.
0.070, 0.800, Class 1.
0.070, 0.863, Class 1.
0.159, 0.817, Class 1.
0.085, 0.846, Class 1.
0.148, 0.806, Class 1.
0.000, 0.846, Class 1.
0.118, 0.825, Class 1.
0.033, 0.928, Class 1.
0.006, 0.827, Class 1.
0.027, 0.901, Class 1.
0.108, 0.890, Class 1.
-0.048, 0.939, Class 1.
0.160, 0.943, Class 1.
0.040, 0.885, Class 1.
0.069, 0.825, Class 1.
0.014, 0.824, Class 1.
0.070, 0.725, Class 1.
0.011, 0.910, Class 1.
0.045, 0.839, Class 1.
0.058, 0.899, Class 1.
0.067, 0.905, Class 1.
0.059, 0.852, Class 1.
-0.011, 0.875, Class 1.
0.111, 0.907, Class 1.
0.089, 0.862, Class 1.
0.130, 0.870, Class 1.
0.023, 0.871, Class 1.
0.385, 0.701, Class 1.
0.309, 0.738, Class 1.
0.289, 0.766, Class 1.
0.342, 0.744, Class 1.
0.349, 0.783, Class 1.
0.385, 0.844, Class 1.
0.311, 0.765, Class 1.
0.370, 0.831, Class 1.
0.328, 0.758, Class 1.
0.274, 0.839, Class 1.
0.268, 0.793, Class 1.
0.331, 0.761, Class 1.
0.337, 0.746, Class 1.
0.383, 0.819, Class 1.
0.580, 0.698, Class 1.
0.506, 0.778, Class 1.
0.483, 0.793, Class 1.
0.523, 0.773, Class 1.
0.492, 0.791, Class 1.
0.496, 0.874, Class 1.
0.535, 0.815, Class 1.
0.489, 0.655, Class 1.
0.446, 0.664, Class 1.
0.501, 0.628, Class 1.
0.499, 0.693, Class 1.
0.430, 0.636, Class 1.
0.447, 0.568, Class 1.
0.482, 0.603, Class 1.
0.520, 0.545, Class 1.
0.606, 0.638, Class 1.
0.403, 0.678, Class 1.
0.474, 0.689, Class 1.
0.557, 0.656, Class 1.
0.515, 0.638, Class 1.
0.423, 0.643, Class 1.
0.447, 0.686, Class 1.
0.463, 0.592, Class 1.
0.492, 0.603, Class 1.
0.506, 0.721, Class 1.
0.407, 0.699, Class 1.
0.517, 0.623, Class 1.
0.501, 0.665, Class 1.
0.276, 0.608, Class 1.
0.349, 0.585, Class 1.
0.340, 0.502, Class 1.
0.424, 0.628, Class 1.
0.378, 0.618, Class 1.
0.339, 0.644, Class 1.
0.306, 0.604, Class 1.
-0.014, 0.689, Class 1.
0.149, 0.632, Class 1.
0.072, 0.752, Class 1.
0.032, 0.691, Class 1.
0.104, 0.716, Class 1.
0.113, 0.643, Class 1.
0.105, 0.607, Class 1.
0.095, 0.631, Class 1.
0.094, 0.649, Class 1.
-0.003, 0.808, Class 1.
0.142, 0.613, Class 1.
0.048, 0.730, Class 1.
0.070, 0.684, Class 1.
0.063, 0.739, Class 1.
0.097, 0.801, Class 1.
0.082, 0.763, Class 1.
0.099, 0.759, Class 1.
0.101, 0.870, Class 1.
0.102, 0.813, Class 1.
0.126, 0.700, Class 1.
0.019, 0.822, Class 1.
0.048, 0.751, Class 1.
0.108, 0.772, Class 1.
0.060, 0.736, Class 1.
0.037, 0.755, Class 1.
0.052, 0.851, Class 1.
0.117, 0.763, Class 1.
0.075, 0.810, Class 1.
0.066, 0.770, Class 1.
0.076, 0.855, Class 1.
0.084, 0.761, Class 1.
0.070, 0.771, Class 1.
0.031, 0.752, Class 1.
-0.094, 0.717, Class 1.
0.097, 0.827, Class 1.
0.090, 0.933, Class 1.
-0.035, 0.779, Class 1.
0.015, 0.788, Class 1.
0.101, 0.826, Class 1.
0.073, 0.784, Class 1.
-0.035, 0.741, Class 1.
0.018, 0.781, Class 1.
0.221, 0.897, Class 1.
0.186, 0.865, Class 1.
0.266, 0.892, Class 1.
0.228, 0.830, Class 1.
0.307, 0.866, Class 1.
0.151, 0.943, Class 1.
0.229, 0.950, Class 1.
0.530, 0.794, Class 1.
0.618, 0.713, Class 1.
0.669, 0.781, Class 1.
0.610, 0.792, Class 1.
0.543, 0.784, Class 1.
0.605, 0.783, Class 1.
0.536, 0.798, Class 1.
0.581, 0.784, Class 1.
0.565, 0.861, Class 1.
0.595, 0.726, Class 1.
0.606, 0.759, Class 1.
0.553, 0.801, Class 1.
0.508, 0.808, Class 1.
0.504, 0.697, Class 1.
0.547, 0.723, Class 1.
0.524, 0.750, Class 1.
0.461, 0.827, Class 1.
0.529, 0.854, Class 1.
0.479, 0.798, Class 1.
0.529, 0.784, Class 1.
0.572, 0.780, Class 1.
0.510, 0.674, Class 1.
0.413, 0.646, Class 1.
0.471, 0.624, Class 1.
0.334, 0.605, Class 1.
0.362, 0.649, Class 1.
0.407, 0.592, Class 1.
0.373, 0.588, Class 1.
0.411, 0.643, Class 1.
0.392, 0.625, Class 1.
0.496, 0.643, Class 1.
0.428, 0.632, Class 1.
0.464, 0.681, Class 1.
0.360, 0.641, Class 1.
0.402, 0.698, Class 1.
0.194, 0.530, Class 1.
0.284, 0.611, Class 1.
0.193, 0.634, Class 1.
0.206, 0.497, Class 1.
0.216, 0.566, Class 1.
0.130, 0.571, Class 1.
0.229, 0.503, Class 1.
0.102, 0.545, Class 1.
0.047, 0.722, Class 1.
0.079, 0.632, Class 1.
0.104, 0.592, Class 1.
0.084, 0.591, Class 1.
0.065, 0.730, Class 1.
0.025, 0.619, Class 1.
0.044, 0.051, Class 2.
0.102, 0.062, Class 2.
-0.004, 0.018, Class 2.
0.162, 0.023, Class 2.
0.018, -0.055, Class 2.
0.046, -0.016, Class 2.
0.128, -0.021, Class 2.
0.088, 0.037, Class 2.
0.076, 0.121, Class 2.
-0.007, 0.216, Class 2.
0.096, 0.112, Class 2.
0.106, 0.080, Class 2.
0.052, 0.103, Class 2.
-0.065, 0.081, Class 2.
0.122, 0.083, Class 2.
0.084, 0.064, Class 2.
0.251, 0.043, Class 2.
0.115, 0.084, Class 2.
0.092, 0.139, Class 2.
0.071, 0.153, Class 2.
0.073, 0.099, Class 2.
0.008, 0.059, Class 2.
0.072, 0.039, Class 2.
0.093, -0.048, Class 2.
0.096, 0.038, Class 2.
0.075, 0.033, Class 2.
0.123, 0.149, Class 2.
0.114, -0.007, Class 2.
0.221, 0.055, Class 2.
0.177, 0.060, Class 2.
0.078, 0.046, Class 2.
0.192, 0.087, Class 2.
0.139, 0.201, Class 2.
0.139, -0.017, Class 2.
0.227, -0.008, Class 2.
0.170, 0.061, Class 2.
0.098, 0.050, Class 2.
0.024, 0.047, Class 2.
0.027, 0.069, Class 2.
0.177, 0.003, Class 2.
0.110, 0.163, Class 2.
0.116, 0.096, Class 2.
0.138, 0.107, Class 2.
0.155, 0.056, Class 2.
0.119, 0.037, Class 2.
0.042, 0.034, Class 2.
0.096, 0.137, Class 2.
0.162, 0.027, Class 2.
0.057, 0.085, Class 2.
0.087, 0.176, Class 2.
0.124, -0.049, Class 2.
0.111, 0.161, Class 2.
0.237, 0.123, Class 2.
0.147, 0.092, Class 2.
0.234, 0.130, Class 2.
0.124, 0.023, Class 2.
0.157, 0.075, Class 2.
0.228, 0.140, Class 2.
0.031, 0.156, Class 2.
0.230, 0.036, Class 2.
0.157, 0.086, Class 2.
0.233, 0.109, Class 2.
0.169, 0.078, Class 2.
0.218, 0.134, Class 2.
0.043, -0.012, Class 2.
0.126, 0.103, Class 2.
0.220, 0.106, Class 2.
0.098, 0.120, Class 2.
0.171, 0.079, Class 2.
0.099, 0.170, Class 2.
0.243, 0.115, Class 2.
0.225, 0.054, Class 2.
0.248, 0.053, Class 2.
0.115, 0.037, Class 2.
0.119, 0.065, Class 2.
0.189, 0.032, Class 2.
0.167, 0.122, Class 2.
0.259, 0.086, Class 2.
0.267, 0.052, Class 2.
0.239, 0.150, Class 2.
0.196, 0.111, Class 2.
0.104, 0.072, Class 2.
0.218, 0.124, Class 2.
0.208, 0.133, Class 2.
0.327, 0.208, Class 2.
0.186, 0.106, Class 2.
0.142, 0.143, Class 2.
0.229, 0.070, Class 2.
0.164, 0.153, Class 2.
0.235, 0.105, Class 2.
0.262, 0.121, Class 2.
0.169, 0.111, Class 2.
0.061, 0.121, Class 2.
0.226, 0.087, Class 2.
0.218, 0.056, Class 2.
0.237, 0.206, Class 2.
0.187, 0.153, Class 2.
0.171, 0.103, Class 2.
0.220, 0.216, Class 2.
0.187, 0.177, Class 2.
0.225, 0.128, Class 2.
0.181, 0.164, Class 2.
0.122, 0.166, Class 2.
0.210, 0.134, Class 2.
0.226, 0.106, Class 2.
0.122, 0.145, Class 2.
0.190, 0.241, Class 2.
0.151, 0.116, Class 2.
-0.015, 0.084, Class 2.
0.189, 0.189, Class 2.
0.176, 0.009, Class 2.
0.064, 0.139, Class 2.
0.092, 0.120, Class 2.
0.081, 0.188, Class 2.
0.193, 0.206, Class 2.
0.039, 0.174, Class 2.
0.161, 0.097, Class 2.
0.218, 0.178, Class 2.
0.127, 0.118, Class 2.
0.127, 0.083, Class 2.
0.239, 0.051, Class 2.
0.197, 0.152, Class 2.
0.196, 0.182, Class 2.
0.038, 0.195, Class 2.
0.117, 0.204, Class 2.
0.072, 0.124, Class 2.
0.115, 0.080, Class 2.
0.127, 0.146, Class 2.
0.165, 0.180, Class 2.
0.258, 0.191, Class 2.
0.133, 0.208, Class 2.
0.173, 0.211, Class 2.
0.142, 0.212, Class 2.
0.172, 0.310, Class 2.
0.108, 0.185, Class 2.
0.122, 0.174, Class 2.
0.109, 0.178, Class 2.
0.059, 0.217, Class 2.
0.218, 0.194, Class 2.
0.098, 0.106, Class 2.
0.034, 0.197, Class 2.
0.138, 0.195, Class 2.
0.209, 0.168, Class 2.
0.133, 0.145, Class 2.
0.169, 0.203, Class 2.
0.177, 0.137, Class 2.
0.176, 0.153, Class 2.
0.103, 0.240, Class 2.
0.145, 0.112, Class 2.
0.209, 0.170, Class 2.
0.252, 0.188, Class 2.
0.299, 0.118, Class 2.
0.215, 0.217, Class 2.
0.248, 0.128, Class 2.
0.292, 0.121, Class 2.
0.164, 0.184, Class 2.
0.256, 0.167, Class 2.
0.183, 0.201, Class 2.
0.317, 0.075, Class 2.
0.214, 0.159, Class 2.
0.231, 0.208, Class 2.
0.250, 0.175, Class 2.
0.312, 0.108, Class 2.
0.294, 0.171, Class 2.
0.253, 0.130, Class 2.
0.222, 0.065, Class 2.
0.332, 0.099, Class 2.
0.351, 0.152, Class 2.
0.296, 0.244, Class 2.
0.305, -0.044, Class 2.
0.211, 0.156, Class 2.
0.247, 0.214, Class 2.
0.313, 0.122, Class 2.
0.229, 0.196, Class 2.
0.302, 0.054, Class 2.
0.342, 0.038, Class 2.
0.224, 0.136, Class 2.
0.243, 0.090, Class 2.
0.356, 0.140, Class 2.
0.285, 0.203, Class 2.
0.271, 0.096, Class 2.
0.340, 0.125, Class 2.
0.270, 0.033, Class 2.
0.352, 0.086, Class 2.
0.182, 0.070, Class 2.
0.264, 0.125, Class 2.
0.357, 0.083, Class 2.
0.252, 0.076, Class 2.
0.267, 0.124, Class 2.
0.311, 0.209, Class 2.
0.249, 0.058, Class 2.
0.213, 0.132, Class 2.
0.297, 0.119, Class 2.
0.253, 0.036, Class 2.
0.259, 0.117, Class 2.
0.319, 0.100, Class 2.
0.234, 0.070, Class 2.
0.303, 0.106, Class 2.
0.328, 0.113, Class 2.
0.279, 0.143, Class 2.
0.303, 0.181, Class 2.
0.288, 0.067, Class 2.
0.248, 0.047, Class 2.
0.338, 0.139, Class 2.
0.302, 0.076, Class 2.
0.293, 0.034, Class 2.
0.294, 0.064, Class 2.
0.216, -0.032, Class 2.
0.311, 0.136, Class 2.
0.296, 0.002, Class 2.
0.244, 0.155, Class 2.
0.273, 0.114, Class 2.
0.180, 0.162, Class 2.
0.271, 0.145, Class 2.
0.294, 0.065, Class 2.
0.198, 0.062, Class 2.
0.220, 0.038, Class 2.
0.179, 0.020, Class 2.
0.256, 0.042, Class 2.
0.277, 0.150, Class 2.
0.323, 0.127, Class 2.
0.331, 0.081, Class 2.
0.364, 0.121, Class 2.
0.234, 0.106, Class 2.
0.267, 0.188, Class 2.
0.243, 0.123, Class 2.
0.236, -0.026, Class 2.
0.331, 0.130, Class 2.
0.213, 0.096, Class 2.
0.279, 0.132, Class 2.
0.333, 0.138, Class 2.
0.300, 0.196, Class 2.
0.293, 0.039, Class 2.
0.279, 0.068, Class 2.
0.335, 0.129, Class 2.
0.209, 0.143, Class 2.
0.247, 0.053, Class 2.
0.316, 0.038, Class 2.
0.343, 0.211, Class 2.
0.295, 0.129, Class 2.
0.208, 0.090, Class 2.
0.242, 0.098, Class 2.
0.187, 0.168, Class 2.
0.179, 0.086, Class 2.
0.241, 0.183, Class 2.
0.192, 0.069, Class 2.
0.218, 0.104, Class 2.
0.162, 0.211, Class 2.
0.277, 0.082, Class 2.
0.228, 0.174, Class 2.
0.355, 0.164, Class 2.
0.253, 0.146, Class 2.
0.233, 0.213, Class 2.
0.287, 0.135, Class 2.
0.263, 0.159, Class 2.
0.260, 0.091, Class 2.
0.199, 0.091, Class 2.
0.305, 0.232, Class 2.
0.232, 0.115, Class 2.
0.253, -0.005, Class 2.
0.115, 0.134, Class 2.
0.185, 0.093, Class 2.
0.190, 0.022, Class 2.
0.144, 0.107, Class 2.
0.304, 0.075, Class 2.
0.230, 0.019, Class 2.
0.284, 0.080, Class 2.
0.253, 0.157, Class 2.
0.206, 0.208, Class 2.
0.218, 0.039, Class 2.
0.194, 0.211, Class 2.
0.186, 0.137, Class 2.
0.214, 0.101, Class 2.
0.191, 0.063, Class 2.
0.217, 0.024, Class 2.
0.250, 0.132, Class 2.
0.277, 0.121, Class 2.
0.186, 0.080, Class 2.
0.185, 0.212, Class 2.
0.166, 0.177, Class 2.
0.177, 0.113, Class 2.
0.157, 0.189, Class 2.
0.214, 0.059, Class 2.
0.139, 0.133, Class 2.
0.251, 0.183, Class 2.
0.210, 0.116, Class 2.
0.151, 0.101, Class 2.
0.274, 0.010, Class 2.
0.205, 0.054, Class 2.
0.284, 0.114, Class 2.
0.178, 0.087, Class 2.
0.163, 0.140, Class 2.
0.238, 0.137, Class 2.
0.211, 0.062, Class 2.
0.113, 0.109, Class 2.
0.098, 0.121, Class 2.
0.218, 0.168, Class 2.
0.185, 0.116, Class 2.
0.182, 0.065, Class 2.
0.065, 0.164, Class 2.
0.145, 0.220, Class 2.
0.150, -0.012, Class 2.
0.155, 0.129, Class 2.
0.227, 0.200, Class 2.
0.180, 0.160, Class 2.
0.215, 0.189, Class 2.
0.262, 0.168, Class 2.
0.219, 0.100, Class 2.
0.110, 0.124, Class 2.
0.202, 0.108, Class 2.
0.091, 0.148, Class 2.
0.135, 0.200, Class 2.
0.150, 0.120, Class 2.
0.187, 0.107, Class 2.
0.160, 0.133, Class 2.
0.107, 0.153, Class 2.
0.110, 0.179, Class 2.
0.127, 0.087, Class 2.
0.223, 0.156, Class 2.
0.154, 0.103, Class 2.
0.088, 0.206, Class 2.
0.128, 0.178, Class 2.
0.104, 0.093, Class 2.
0.083, 0.226, Class 2.
0.105, 0.089, Class 2.
0.193, 0.208, Class 2.
0.126, 0.244, Class 2.
0.153, 0.138, Class 2.
0.167, 0.145, Class 2.
0.279, 0.112, Class 2.
0.119, 0.233, Class 2.
0.053, 0.219, Class 2.
0.205, 0.231, Class 2.
0.131, 0.161, Class 2.
0.126, 0.135, Class 2.
0.100, 0.151, Class 2.
0.126, 0.157, Class 2.
0.065, 0.187, Class 2.
0.171, 0.168, Class 2.
0.137, 0.161, Class 2.
0.031, 0.274, Class 2.
0.170, 0.178, Class 2.
0.118, 0.201, Class 2.
0.139, 0.243, Class 2.
0.112, 0.215, Class 2.
0.177, 0.208, Class 2.
0.003, 0.180, Class 2.
0.135, 0.205, Class 2.
0.124, 0.186, Class 2.
0.062, 0.170, Class 2.
0.147, 0.155, Class 2.
0.160, 0.171, Class 2.
0.094, 0.122, Class 2.
0.122, 0.166, Class 2.
0.137, 0.197, Class 2.
0.188, 0.217, Class 2.
0.098, 0.118, Class 2.
0.117, 0.259, Class 2.
0.192, 0.135, Class 2.
0.147, 0.216, Class 2.
0.110, 0.183, Class 2.
0.053, 0.099, Class 2.
0.136, 0.133, Class 2.
0.028, 0.048, Class 2.
0.117, 0.100, Class 2.
0.193, 0.080, Class 2.
0.039, 0.224, Class 2.
0.139, 0.196, Class 2.
0.053, 0.070, Class 2.
0.067, 0.118, Class 2.
0.074, 0.105, Class 2.
0.218, 0.144, Class 2.
0.113, 0.140, Class 2.
0.096, 0.104, Class 2.
0.140, 0.074, Class 2.
0.062, 0.148, Class 2.
0.077, 0.144, Class 2.
0.042, 0.055, Class 2.
0.068, 0.126, Class 2.
0.050, 0.050, Class 2.
0.176, 0.080, Class 2.
0.122, 0.115, Class 2.
0.167, 0.095, Class 2.
0.181, 0.083, Class 2.
0.202, 0.112, Class 2.
0.103, 0.165, Class 2.
0.173, 0.082, Class 2.
0.105, 0.074, Class 2.
0.119, 0.157, Class 2.
0.101, 0.147, Class 2.
0.155, 0.070, Class 2.
0.130, 0.090, Class 2.
0.231, 0.123, Class 2.
0.185, 0.105, Class 2.
0.149, 0.188, Class 2.
0.123, 0.090, Class 2.
0.193, 0.042, Class 2.
0.201, 0.070, Class 2.
0.185, 0.132, Class 2.
0.170, 0.168, Class 2.
0.083, 0.084, Class 2.
0.132, 0.060, Class 2.
0.150, 0.006, Class 2.
0.057, 0.150, Class 2.
0.046, 0.120, Class 2.
0.159, 0.097, Class 2.
0.150, 0.119, Class 2.
0.091, 0.079, Class 2.
0.160, 0.108, Class 2.
0.117, 0.087, Class 2.
0.170, 0.005, Class 2.
0.106, 0.024, Class 2.
0.138, -0.009, Class 2.
0.109, 0.191, Class 2.
0.115, 0.101, Class 2.
0.128, 0.094, Class 2.
0.153, -0.033, Class 2.
0.179, 0.073, Class 2.
0.165, 0.076, Class 2.
0.134, 0.019, Class 2.
0.080, 0.029, Class 2.
0.080, 0.062, Class 2.
0.081, 0.134, Class 2.
0.086, 0.039, Class 2.
0.111, 0.100, Class 2.
0.091, 0.041, Class 2.
0.049, -0.023, Class 2.
0.066, 0.094, Class 2.
0.011, 0.076, Class 2.
0.076, -0.021, Class 2.
0.059, -0.025, Class 2.
0.020, 0.076, Class 2.
-0.066, 0.113, Class 2.
0.044, 0.112, Class 2.
0.135, 0.088, Class 2.
0.031, 0.070, Class 2.
0.086, 0.013, Class 2.
-0.026, 0.081, Class 2.
-0.058, 0.003, Class 2.
0.006, 0.117, Class 2.
0.032, 0.087, Class 2.
0.088, 0.124, Class 2.
0.079, 0.155, Class 2.
0.073, 0.124, Class 2.
0.037, 0.067, Class 2.
0.026, 0.127, Class 2.
0.060, 0.079, Class 2.
-0.044, 0.111, Class 2.
0.015, 0.086, Class 2.
0.057, 0.158, Class 2.
0.099, 0.094, Class 2.
0.097, 0.096, Class 2.
0.009, 0.132, Class 2.
0.044, -0.015, Class 2.
0.037, 0.154, Class 2.
-0.009, 0.080, Class 2.
0.060, 0.012, Class 2.
0.034, 0.004, Class 2.
-0.009, 0.013, Class 2.
0.043, 0.027, Class 2.
0.015, -0.015, Class 2.
0.077, 0.017, Class 2.
0.067, 0.071, Class 2.
0.097, 0.028, Class 2.
-0.043, 0.038, Class 2.
-0.030, 0.077, Class 2.
0.088, -0.004, Class 2.
0.001, 0.031, Class 2.
0.055, 0.039, Class 2.
-0.096, 0.067, Class 2.
0.068, -0.031, Class 2.
0.156, -0.018, Class 2.
0.140, -0.040, Class 2.
0.030, 0.029, Class 2.
0.046, 0.002, Class 2.
0.089, -0.021, Class 2.
0.038, 0.021, Class 2.
0.078, -0.008, Class 2.
0.084, 0.062, Class 2.
0.215, 0.023, Class 2.
0.097, 0.037, Class 2.
0.160, 0.010, Class 2.
0.122, 0.094, Class 2.
0.144, -0.067, Class 2.
0.081, 0.069, Class 2.
0.254, 0.005, Class 2.
0.188, 0.106, Class 2.
0.101, 0.035, Class 2.
0.141, -0.046, Class 2.
0.157, 0.019, Class 2.
0.310, 0.085, Class 2.
0.240, -0.015, Class 2.
0.269, -0.038, Class 2.
0.245, -0.002, Class 2.
0.172, 0.090, Class 2.
0.241, -0.020, Class 2.
0.208, 0.118, Class 2.
0.274, 0.112, Class 2.
0.139, 0.121, Class 2.
0.155, 0.005, Class 2.
0.172, 0.101, Class 2.
0.231, 0.043, Class 2.
0.130, 0.057, Class 2.
0.231, 0.047, Class 2.
0.217, -0.010, Class 2.
0.078, 0.098, Class 2.
0.248, -0.005, Class 2.
0.234, 0.061, Class 2.
0.231, -0.032, Class 2.
0.234, 0.016, Class 2.
0.024, 0.053, Class 2.
0.078, 0.061, Class 2.
0.025, 0.096, Class 2.
0.058, 0.052, Class 2.
0.079, 0.069, Class 2.
0.027, 0.033, Class 2.
0.120, 0.037, Class 2.
0.082, 0.094, Class 2.
0.108, 0.107, Class 2.
0.019, 0.073, Class 2.
0.120, 0.069, Class 2.
0.004, 0.108, Class 2.
0.122, 0.100, Class 2.
0.059, 0.097, Class 2.
0.074, 0.179, Class 2.
0.106, 0.056, Class 2.
0.097, 0.073, Class 2.
0.087, 0.152, Class 2.
-0.006, 0.080, Class 2.
0.069, 0.126, Class 2.
-0.026, 0.145, Class 2.
0.049, 0.112, Class 2.
0.066, 0.173, Class 2.
0.042, 0.177, Class 2.
0.006, 0.114, Class 2.
0.059, 0.146, Class 2.
0.138, 0.135, Class 2.
0.138, 0.066, Class 2.
-0.022, 0.136, Class 2.
0.092, 0.197, Class 2.
-0.038, 0.111, Class 2.
-0.051, 0.165, Class 2.
0.025, 0.122, Class 2.
0.141, 0.162, Class 2.
0.015, 0.052, Class 2.
-0.016, 0.093, Class 2.
0.005, 0.064, Class 2.
-0.077, 0.095, Class 2.
0.087, 0.086, Class 2.
0.076, 0.098, Class 2.
0.919, 0.726, Class 3.
0.944, 0.700, Class 3.
1.024, 0.608, Class 3.
0.933, 0.735, Class 3.
0.931, 0.637, Class 3.
0.872, 0.639, Class 3.
1.012, 0.683, Class 3.
0.998, 0.607, Class 3.
0.898, 0.715, Class 3.
0.966, 0.749, Class 3.
0.941, 0.715, Class 3.
1.023, 0.613, Class 3.
0.863, 0.708, Class 3.
0.798, 0.725, Class 3.
0.810, 0.692, Class 3.
0.876, 0.669, Class 3.
0.870, 0.599, Class 3.
0.879, 0.715, Class 3.
0.916, 0.658, Class 3.
0.932, 0.573, Class 3.
0.895, 0.672, Class 3.
0.890, 0.591, Class 3.
0.924, 0.777, Class 3.
0.860, 0.640, Class 3.
0.947, 0.793, Class 3.
0.846, 0.723, Class 3.
0.885, 0.661, Class 3.
0.922, 0.673, Class 3.
0.924, 0.682, Class 3.
0.877, 0.602, Class 3.
0.808, 0.646, Class 3.
0.862, 0.642, Class 3.
0.907, 0.749, Class 3.
0.831, 0.668, Class 3.
0.783, 0.644, Class 3.
0.826, 0.605, Class 3.
0.864, 0.653, Class 3.
0.897, 0.598, Class 3.
0.822, 0.634, Class 3.
0.853, 0.749, Class 3.
0.751, 0.618, Class 3.
0.805, 0.715, Class 3.
0.759, 0.644, Class 3.
0.732, 0.642, Class 3.
0.779, 0.591, Class 3.
0.825, 0.653, Class 3.
0.796, 0.653, Class 3.
0.806, 0.617, Class 3.
0.756, 0.584, Class 3.
0.767, 0.656, Class 3.
0.724, 0.491, Class 3.
0.805, 0.588, Class 3.
0.905, 0.509, Class 3.
0.686, 0.683, Class 3.
0.801, 0.575, Class 3.
0.717, 0.591, Class 3.
0.806, 0.563, Class 3.
0.729, 0.688, Class 3.
0.776, 0.589, Class 3.
0.805, 0.622, Class 3.
0.716, 0.637, Class 3.
0.662, 0.627, Class 3.
0.718, 0.655, Class 3.
0.618, 0.569, Class 3.
0.745, 0.440, Class 3.
0.717, 0.616, Class 3.
0.673, 0.527, Class 3.
0.731, 0.555, Class 3.
0.699, 0.633, Class 3.
0.632, 0.595, Class 3.
0.606, 0.524, Class 3.
0.684, 0.464, Class 3.
0.663, 0.515, Class 3.
0.714, 0.480, Class 3.
0.680, 0.536, Class 3.
0.713, 0.517, Class 3.
0.679, 0.434, Class 3.
0.645, 0.617, Class 3.
0.641, 0.529, Class 3.
0.651, 0.493, Class 3.
0.646, 0.415, Class 3.
0.646, 0.455, Class 3.
0.539, 0.415, Class 3.
0.532, 0.495, Class 3.
0.639, 0.445, Class 3.
0.686, 0.375, Class 3.
0.614, 0.481, Class 3.
0.593, 0.444, Class 3.
0.600, 0.367, Class 3.
0.605, 0.326, Class 3.
0.559, 0.327, Class 3.
0.567, 0.354, Class 3.
0.519, 0.364, Class 3.
0.552, 0.261, Class 3.
0.548, 0.393, Class 3.
0.634, 0.282, Class 3.
0.643, 0.300, Class 3.
0.593, 0.417, Class 3.
0.640, 0.279, Class 3.
0.549, 0.431, Class 3.
0.547, 0.312, Class 3.
0.499, 0.431, Class 3.
0.613, 0.321, Class 3.
0.592, 0.372, Class 3.
0.619, 0.378, Class 3.
0.642, 0.326, Class 3.
0.625, 0.296, Class 3.
0.561, 0.275, Class 3.
0.594, 0.388, Class 3.
0.517, 0.308, Class 3.
0.568, 0.340, Class 3.
0.611, 0.221, Class 3.
0.614, 0.371, Class 3.
0.586, 0.297, Class 3.
0.618, 0.301, Class 3.
0.614, 0.300, Class 3.
0.610, 0.307, Class 3.
0.674, 0.371, Class 3.
0.551, 0.291, Class 3.
0.567, 0.396, Class 3.
0.475, 0.300, Class 3.
0.572, 0.256, Class 3.
0.537, 0.204, Class 3.
0.593, 0.185, Class 3.
0.613, 0.179, Class 3.
0.559, 0.302, Class 3.
0.530, 0.163, Class 3.
0.522, 0.223, Class 3.
0.508, 0.326, Class 3.
0.606, 0.345, Class 3.
0.577, 0.142, Class 3.
0.571, 0.126, Class 3.
0.587, 0.163, Class 3.
0.615, 0.076, Class 3.
0.497, 0.196, Class 3.
0.537, 0.246, Class 3.
0.574, 0.199, Class 3.
0.557, 0.136, Class 3.
0.617, 0.213, Class 3.
0.557, 0.153, Class 3.
0.609, 0.101, Class 3.
0.596, 0.098, Class 3.
0.578, 0.083, Class 3.
0.586, 0.041, Class 3.
0.553, 0.080, Class 3.
0.505, 0.197, Class 3.
0.567, 0.109, Class 3.
0.603, 0.223, Class 3.
0.539, 0.195, Class 3.
0.597, 0.108, Class 3.
0.518, 0.046, Class 3.
0.636, 0.132, Class 3.
0.538, 0.167, Class 3.
0.545, 0.129, Class 3.
0.580, 0.056, Class 3.
0.483, 0.159, Class 3.
0.536, 0.142, Class 3.
0.606, 0.087, Class 3.
0.479, 0.146, Class 3.
0.613, 0.131, Class 3.
0.536, 0.184, Class 3.
0.674, 0.101, Class 3.
0.499, 0.101, Class 3.
0.624, 0.127, Class 3.
0.533, 0.211, Class 3.
0.608, 0.097, Class 3.
0.577, 0.166, Class 3.
0.560, 0.087, Class 3.
0.588, 0.050, Class 3.
0.544, 0.105, Class 3.
0.546, 0.078, Class 3.
0.486, 0.133, Class 3.
0.579, 0.045, Class 3.
0.619, 0.159, Class 3.
0.605, 0.054, Class 3.
0.555, 0.186, Class 3.
0.585, 0.174, Class 3.
0.617, 0.045, Class 3.
0.647, 0.117, Class 3.
0.516, -0.012, Class 3.
0.568, 0.112, Class 3.
0.609, 0.047, Class 3.
0.697, 0.098, Class 3.
0.640, 0.090, Class 3.
0.604, 0.041, Class 3.
0.590, 0.025, Class 3.
0.654, 0.023, Class 3.
0.623, 0.110, Class 3.
0.537, 0.110, Class 3.
0.651, 0.116, Class 3.
0.835, 0.043, Class 3.
0.842, 0.043, Class 3.
0.880, 0.020, Class 3.
0.797, -0.058, Class 3.
0.741, 0.059, Class 3.
0.744, 0.013, Class 3.
0.754, 0.058, Class 3.
0.718, -0.024, Class 3.
0.850, 0.082, Class 3.
0.829, 0.077, Class 3.
0.896, 0.122, Class 3.
0.811, 0.102, Class 3.
0.829, 0.060, Class 3.
0.804, 0.041, Class 3.
0.779, -0.006, Class 3.
0.704, 0.067, Class 3.
0.854, -0.048, Class 3.
0.738, -0.005, Class 3.
0.777, 0.009, Class 3.
0.832, 0.062, Class 3.
0.718, 0.138, Class 3.
0.852, 0.164, Class 3.
0.788, 0.092, Class 3.
0.763, -0.005, Class 3.
0.791, 0.051, Class 3.
0.751, 0.062, Class 3.
0.943, 0.071, Class 3.
0.731, 0.017, Class 3.
0.754, 0.158, Class 3.
0.747, 0.083, Class 3.
0.828, 0.145, Class 3.
0.815, 0.053, Class 3.
0.866, 0.054, Class 3.
0.848, -0.008, Class 3.
0.765, 0.145, Class 3.
0.870, 0.010, Class 3.
0.717, 0.013, Class 3.
0.860, 0.033, Class 3.
0.748, 0.042, Class 3.
0.821, 0.091, Class 3.
0.916, 0.054, Class 3.
0.877, 0.062, Class 3.
0.777, 0.060, Class 3.
0.870, 0.060, Class 3.
0.770, 0.079, Class 3.
0.793, 0.115, Class 3.
0.942, 0.097, Class 3.
0.809, 0.085, Class 3.
0.784, 0.042, Class 3.
0.854, 0.022, Class 3.
0.902, 0.294, Class 3.
0.761, 0.346, Class 3.
0.784, 0.225, Class 3.
0.877, 0.286, Class 3.
0.767, 0.352, Class 3.
0.778, 0.307, Class 3.
0.898, 0.404, Class 3.
0.759, 0.407, Class 3.
0.825, 0.288, Class 3.
0.844, 0.344, Class 3.
0.642, 0.335, Class 3.
0.797, 0.316, Class 3.
0.701, 0.394, Class 3.
0.873, 0.404, Class 3.
0.629, 0.308, Class 3.
0.699, 0.342, Class 3.
0.707, 0.409, Class 3.
0.640, 0.365, Class 3.
0.756, 0.411, Class 3.
0.738, 0.410, Class 3.
0.564, 0.380, Class 3.
0.760, 0.332, Class 3.
0.720, 0.396, Class 3.
0.660, 0.304, Class 3.
0.763, 0.378, Class 3.
0.668, 0.394, Class 3.
0.662, 0.316, Class 3.
0.678, 0.462, Class 3.
0.630, 0.296, Class 3.
0.686, 0.367, Class 3.
0.639, 0.306, Class 3.
0.667, 0.228, Class 3.
0.627, 0.291, Class 3.
0.661, 0.268, Class 3.
0.676, 0.171, Class 3.
0.707, 0.202, Class 3.
0.638, 0.159, Class 3.
0.576, 0.253, Class 3.
0.678, 0.274, Class 3.
0.575, 0.289, Class 3.
0.664, 0.268, Class 3.
0.674, 0.225, Class 3.
0.661, 0.255, Class 3.
0.667, 0.151, Class 3.
0.692, 0.148, Class 3.
0.664, 0.171, Class 3.
0.668, 0.271, Class 3.
0.678, 0.241, Class 3.
0.663, 0.267, Class 3.
0.640, 0.158, Class 3.
0.781, 0.113, Class 3.
0.713, 0.153, Class 3.
0.765, 0.232, Class 3.
0.737, 0.206, Class 3.
0.822, 0.179, Class 3.
0.763, 0.159, Class 3.
0.769, 0.220, Class 3.
0.822, 0.084, Class 3.
0.830, 0.138, Class 3.
0.750, 0.134, Class 3.
0.967, 0.207, Class 3.
0.880, 0.307, Class 3.
0.761, 0.237, Class 3.
0.837, 0.309, Class 3.
0.901, 0.313, Class 3.
0.899, 0.171, Class 3.
0.855, 0.250, Class 3.
0.801, 0.257, Class 3.
0.873, 0.205, Class 3.
0.894, 0.273, Class 3.
0.844, 0.370, Class 3.
0.885, 0.428, Class 3.
0.882, 0.321, Class 3.
0.853, 0.445, Class 3.
0.822, 0.413, Class 3.
0.888, 0.386, Class 3.
0.835, 0.358, Class 3.
0.776, 0.386, Class 3.
0.860, 0.412, Class 3.
0.884, 0.351, Class 3.
0.854, 0.571, Class 3.
0.867, 0.526, Class 3.
0.928, 0.541, Class 3.
0.894, 0.484, Class 3.
0.904, 0.449, Class 3.
0.863, 0.506, Class 3.
0.861, 0.496, Class 3.
0.829, 0.557, Class 3.
0.888, 0.505, Class 3.
0.822, 0.451, Class 3.
0.866, 0.538, Class 3.
0.917, 0.598, Class 3.
0.836, 0.505, Class 3.
0.816, 0.541, Class 3.
0.777, 0.479, Class 3.
0.877, 0.513, Class 3.
0.870, 0.538, Class 3.
0.895, 0.541, Class 3.
0.873, 0.503, Class 3.
0.970, 0.446, Class 3.
0.864, 0.472, Class 3.
0.812, 0.486, Class 3.
0.918, 0.591, Class 3.
0.893, 0.659, Class 3.
0.846, 0.519, Class 3.
0.812, 0.513, Class 3.
0.837, 0.536, Class 3.
0.860, 0.561, Class 3.
0.861, 0.514, Class 3.
0.831, 0.440, Class 3.
0.980, 0.493, Class 3.
0.923, 0.593, Class 3.
0.880, 0.476, Class 3.
0.959, 0.462, Class 3.
0.968, 0.461, Class 3.
0.957, 0.487, Class 3.
0.970, 0.528, Class 3.
0.944, 0.491, Class 3.
0.972, 0.387, Class 3.
0.862, 0.556, Class 3.
0.996, 0.353, Class 3.
1.046, 0.408, Class 3.
0.972, 0.309, Class 3.
0.991, 0.364, Class 3.
1.074, 0.411, Class 3.
0.991, 0.388, Class 3.
0.884, 0.338, Class 3.
0.961, 0.266, Class 3.
0.924, 0.376, Class 3.
1.010, 0.277, Class 3.
1.008, 0.325, Class 3.
1.069, 0.262, Class 3.
0.935, 0.258, Class 3.
0.867, 0.316, Class 3.
0.997, 0.284, Class 3.
1.062, 0.332, Class 3.
1.058, 0.317, Class 3.
0.973, 0.208, Class 3.
0.990, 0.341, Class 3.
1.047, 0.266, Class 3.
1.042, 0.326, Class 3.
0.846, 0.257, Class 3.
0.910, 0.268, Class 3.
0.978, 0.289, Class 3.
0.967, 0.223, Class 3.
1.000, 0.214, Class 3.
1.004, 0.129, Class 3.
1.068, 0.280, Class 3.
0.997, 0.154, Class 3.
0.952, 0.292, Class 3.
1.042, 0.233, Class 3.
0.911, 0.214, Class 3.
0.981, 0.150, Class 3.
1.055, 0.199, Class 3.
0.873, 0.234, Class 3.
0.947, 0.213, Class 3.
1.031, 0.273, Class 3.
1.017, 0.065, Class 3.
0.947, 0.140, Class 3.
0.885, 0.182, Class 3.
0.970, 0.161, Class 3.
0.968, 0.156, Class 3.
0.965, 0.201, Class 3.
0.885, 0.247, Class 3.
0.906, 0.154, Class 3.
0.975, 0.259, Class 3.
0.946, 0.306, Class 3.
1.010, 0.203, Class 3.
0.923, 0.177, Class 3.
1.027, 0.189, Class 3.
0.965, 0.204, Class 3.
0.904, 0.123, Class 3.
0.980, 0.160, Class 3.
1.030, 0.126, Class 3.
1.033, 0.196, Class 3.
1.009, 0.207, Class 3.
0.969, 0.195, Class 3.
1.008, 0.171, Class 3.
0.992, 0.134, Class 3.
1.009, 0.224, Class 3.
0.878, 0.070, Class 3.
0.977, 0.174, Class 3.
1.023, 0.192, Class 3.
0.925, 0.022, Class 3.
1.017, 0.139, Class 3.
0.963, 0.184, Class 3.
0.908, 0.159, Class 3.
0.883, 0.094, Class 3.
1.022, 0.224, Class 3.
0.982, 0.126, Class 3.
0.781, 0.226, Class 3.
0.954, 0.077, Class 3.
0.875, 0.075, Class 3.
0.974, 0.072, Class 3.
0.864, 0.092, Class 3.
0.872, 0.100, Class 3.
0.813, 0.002, Class 3.
0.877, 0.115, Class 3.
0.888, 0.048, Class 3.
0.918, 0.140, Class 3.
0.706, 0.060, Class 3.
0.679, 0.169, Class 3.
0.666, 0.077, Class 3.
0.753, 0.016, Class 3.
0.700, 0.141, Class 3.
0.716, 0.047, Class 3.
0.771, 0.081, Class 3.
0.739, 0.083, Class 3.
0.825, 0.095, Class 3.
0.720, 0.117, Class 3.
0.728, -0.043, Class 3.
0.643, 0.088, Class 3.
0.598, 0.122, Class 3.
0.625, 0.116, Class 3.
0.631, -0.041, Class 3.
0.645, 0.044, Class 3.
0.593, 0.053, Class 3.
0.627, 0.095, Class 3.
0.633, 0.050, Class 3.
0.641, 0.089, Class 3.
0.586, -0.084, Class 3.
0.507, 0.106, Class 3.
0.622, 0.134, Class 3.
0.583, -0.074, Class 3.
0.595, -0.002, Class 3.
0.687, 0.018, Class 3.
0.679, 0.195, Class 3.
0.596, -0.013, Class 3.
0.612, 0.126, Class 3.
0.551, -0.018, Class 3.
0.509, 0.089, Class 3.
0.600, 0.172, Class 3.
0.582, 0.005, Class 3.
0.494, -0.004, Class 3.
0.535, 0.083, Class 3.
0.573, 0.124, Class 3.
0.619, 0.115, Class 3.
0.521, 0.091, Class 3.
0.524, 0.039, Class 3.
0.468, 0.094, Class 3.
0.484, 0.120, Class 3.
0.538, 0.039, Class 3.
0.540, 0.099, Class 3.
0.536, 0.083, Class 3.
0.499, 0.073, Class 3.
0.479, 0.017, Class 3.
0.426, 0.097, Class 3.
0.473, 0.037, Class 3.
0.482, 0.068, Class 3.
0.424, 0.033, Class 3.
0.432, 0.177, Class 3.
0.493, 0.140, Class 3.
0.447, 0.214, Class 3.
0.545, 0.114, Class 3.
0.378, 0.203, Class 3.
0.461, 0.142, Class 3.
0.432, 0.135, Class 3.
0.408, 0.208, Class 3.
0.432, 0.121, Class 3.
0.391, 0.195, Class 3.
0.430, 0.189, Class 3.
0.406, 0.253, Class 3.
0.458, 0.332, Class 3.
0.547, 0.309, Class 3.
0.345, 0.235, Class 3.
0.397, 0.157, Class 3.
0.379, 0.237, Class 3.
0.497, 0.208, Class 3.
0.343, 0.191, Class 3.
0.390, 0.217, Class 3.
0.409, 0.264, Class 3.
0.345, 0.376, Class 3.
0.462, 0.350, Class 3.
0.463, 0.317, Class 3.
0.420, 0.393, Class 3.
0.484, 0.292, Class 3.
0.383, 0.295, Class 3.
0.427, 0.323, Class 3.
0.388, 0.352, Class 3.
0.500, 0.367, Class 3.
0.581, 0.341, Class 3.
0.497, 0.407, Class 3.
0.613, 0.416, Class 3.
0.544, 0.475, Class 3.
0.599, 0.419, Class 3.
0.584, 0.338, Class 3.
0.547, 0.437, Class 3.
0.563, 0.394, Class 3.
0.522, 0.433, Class 3.
0.569, 0.433, Class 3.
0.689, 0.505, Class 3.
0.691, 0.468, Class 3.
0.667, 0.502, Class 3.
0.693, 0.490, Class 3.
0.635, 0.492, Class 3.
0.637, 0.534, Class 3.
0.611, 0.482, Class 3.
0.609, 0.508, Class 3.
0.686, 0.449, Class 3.
0.705, 0.515, Class 3.
0.626, 0.458, Class 3.
0.709, 0.503, Class 3.
0.624, 0.505, Class 3.
0.672, 0.481, Class 3.
0.662, 0.478, Class 3.
0.645, 0.496, Class 3.
0.661, 0.513, Class 3.
0.683, 0.512, Class 3.
0.651, 0.464, Class 3.
0.621, 0.491, Class 3.
0.922, 0.436, Class 3.
0.714, 0.494, Class 3.
0.860, 0.568, Class 3.
0.741, 0.347, Class 3.
0.787, 0.631, Class 3.
0.786, 0.569, Class 3.
0.844, 0.550, Class 3.
0.853, 0.507, Class 3.
0.847, 0.567, Class 3.
0.839, 0.531, Class 3.
1.004, 0.489, Class 3.
0.934, 0.495, Class 3.
0.880, 0.527, Class 3.
0.939, 0.488, Class 3.
0.893, 0.448, Class 3.
0.888, 0.471, Class 3.
0.930, 0.484, Class 3.
0.894, 0.514, Class 3.
1.009, 0.500, Class 3.
0.944, 0.454, Class 3.
1.045, 0.518, Class 3.
1.082, 0.412, Class 3.
0.970, 0.461, Class 3.
0.994, 0.478, Class 3.
0.956, 0.471, Class 3.
1.075, 0.491, Class 3.
0.911, 0.395, Class 3.
0.976, 0.346, Class 3.
0.992, 0.393, Class 3.
0.968, 0.483, Class 3.
0.983, 0.342, Class 3.
0.985, 0.369, Class 3.
0.910, 0.344, Class 3.
1.039, 0.383, Class 3.
0.980, 0.523, Class 3.
0.963, 0.262, Class 3.
0.949, 0.474, Class 3.
1.003, 0.490, Class 3.
0.959, 0.497, Class 3.
0.936, 0.410, Class 3.
0.889, 0.306, Class 3.
0.825, 0.206, Class 3.
0.914, 0.383, Class 3.
0.919, 0.338, Class 3.
0.929, 0.370, Class 3.
0.868, 0.310, Class 3.
0.755, 0.397, Class 3.
0.909, 0.267, Class 3.
0.881, 0.207, Class 3.
0.810, 0.276, Class 3.
0.729, 0.268, Class 3.
0.702, 0.160, Class 3.
0.833, 0.159, Class 3.
0.798, 0.299, Class 3.
0.776, 0.190, Class 3.
0.833, 0.251, Class 3.
0.803, 0.283, Class 3.
0.794, 0.155, Class 3.
0.740, 0.214, Class 3.
0.845, 0.192, Class 3.
0.608, 0.346, Class 3.
0.679, 0.365, Class 3.
0.607, 0.313, Class 3.
0.493, 0.345, Class 3.
0.656, 0.361, Class 3.
0.624, 0.253, Class 3.
0.593, 0.331, Class 3.
0.636, 0.275, Class 3.
0.596, 0.402, Class 3.
0.460, 0.367, Class 3.
0.712, 0.313, Class 3.
0.688, 0.389, Class 3.
0.697, 0.413, Class 3.
0.649, 0.449, Class 3.
0.623, 0.423, Class 3.
0.725, 0.445, Class 3.
0.678, 0.413, Class 3.
0.609, 0.397, Class 3.
0.644, 0.403, Class 3.
0.694, 0.394, Class 3.
0.857, 0.531, Class 3.
0.883, 0.507, Class 3.
0.886, 0.604, Class 3.
0.881, 0.541, Class 3.
0.862, 0.571, Class 3.
0.725, 0.595, Class 3.
0.881, 0.634, Class 3.
0.818, 0.512, Class 3.
0.814, 0.569, Class 3.
0.873, 0.588, Class 3.
0.887, 0.547, Class 3.
0.951, 0.648, Class 3.
0.932, 0.628, Class 3.
0.937, 0.674, Class 3.
0.908, 0.595, Class 3.
0.909, 0.492, Class 3.
0.965, 0.626, Class 3.
0.924, 0.650, Class 3.
0.940, 0.659, Class 3.
0.989, 0.809, Class 3.
0.955, 0.636, Class 3.
0.941, 0.658, Class 3.
0.971, 0.687, Class 3.
1.108, 0.712, Class 3.
0.959, 0.542, Class 3.
1.051, 0.659, Class 3.
0.812, 0.623, Class 3.
0.998, 0.643, Class 3.
0.978, 0.652, Class 3.
0.971, 0.622, Class 3.
1.050, 0.534, Class 3.
1.024, 0.594, Class 3.
1.069, 0.641, Class 3.
1.054, 0.572, Class 3.
0.957, 0.615, Class 3.
1.128, 0.612, Class 3.
1.025, 0.459, Class 3.
0.988, 0.545, Class 3.
0.978, 0.596, Class 3.
0.939, 0.644, Class 3.
1.017, 0.727, Class 3.
0.995, 0.525, Class 3.
0.950, 0.529, Class 3.
1.025, 0.588, Class 3.
0.894, 0.666, Class 3.
1.077, 0.572, Class 3.
0.947, 0.553, Class 3.
1.031, 0.527, Class 3.
1.032, 0.621, Class 3.
0.985, 0.638, Class 3.
1.055, 0.574, Class 3.
1.012, 0.444, Class 3.
1.038, 0.428, Class 3.
1.061, 0.603, Class 3.
1.037, 0.627, Class 3.
1.026, 0.543, Class 3.
1.011, 0.590, Class 3.
1.010, 0.553, Class 3.
1.043, 0.463, Class 3.
1.008, 0.386, Class 3.
1.133, 0.441, Class 3.
0.979, 0.432, Class 3.
1.039, 0.437, Class 3.
0.999, 0.341, Class 3.
1.024, 0.399, Class 3.
1.048, 0.424, Class 3.
0.960, 0.523, Class 3.
1.066, 0.372, Class 3.
1.050, 0.391, Class 3.
1.093, 0.289, Class 3.
1.024, 0.088, Class 3.
0.977, 0.152, Class 3.
0.997, 0.143, Class 3.
1.049, 0.045, Class 3.
1.001, 0.115, Class 3.
1.003, 0.118, Class 3.
0.897, 0.041, Class 3.
0.939, 0.136, Class 3.
1.090, 0.131, Class 3.
1.010, 0.096, Class 3.
1.032, 0.037, Class 3.
1.039, 0.051, Class 3.
1.050, 0.084, Class 3.
0.982, 0.111, Class 3.
0.947, 0.171, Class 3.
0.943, 0.018, Class 3.
0.919, -0.034, Class 3.
1.000, 0.149, Class 3.
0.998, 0.046, Class 3.
0.964, 0.135, Class 3.
1.023, -0.004, Class 3.
1.027, 0.034, Class 3.
1.023, 0.029, Class 3.
0.979, 0.038, Class 3.
0.921, 0.028, Class 3.
1.012, 0.028, Class 3.
1.090, 0.020, Class 3.
0.985, 0.135, Class 3.
0.941, -0.033, Class 3.
0.937, -0.054, Class 3.
0.706, 0.073, Class 3.
0.736, -0.020, Class 3.
0.770, 0.098, Class 3.
0.803, -0.051, Class 3.
0.784, -0.004, Class 3.
0.774, 0.089, Class 3.
0.834, 0.065, Class 3.
0.891, 0.026, Class 3.
0.809, 0.086, Class 3.
0.690, 0.004, Class 3.
0.459, 0.077, Class 3.
0.630, 0.079, Class 3.
0.563, 0.045, Class 3.
0.483, 0.081, Class 3.
0.548, 0.084, Class 3.
0.543, 0.057, Class 3.
0.567, 0.038, Class 3.
0.545, 0.134, Class 3.
0.581, 0.094, Class 3.
0.536, 0.010, Class 3.
0.501, 0.012, Class 3.
0.466, 0.079, Class 3.
0.432, 0.040, Class 3.
0.491, 0.058, Class 3.
0.488, 0.030, Class 3.
0.484, 0.013, Class 3.
0.445, 0.017, Class 3.
0.364, 0.004, Class 3.
0.421, 0.023, Class 3.
0.408, 0.046, Class 3.
0.478, 0.154, Class 3.
0.368, 0.113, Class 3.
0.409, 0.054, Class 3.
0.377, -0.045, Class 3.
0.405, 0.103, Class 3.
0.336, 0.157, Class 3.
0.380, 0.027, Class 3.
0.440, 0.009, Class 3.
0.384, 0.082, Class 3.
0.484, 0.008, Class 3.
0.513, 0.134, Class 3.
0.476, 0.147, Class 3.
0.460, 0.143, Class 3.
0.464, 0.227, Class 3.
0.449, 0.168, Class 3.
0.441, 0.157, Class 3.
0.555, 0.149, Class 3.
0.533, 0.150, Class 3.
0.504, 0.182, Class 3.
0.540, 0.175, Class 3.
0.559, 0.312, Class 3.
0.548, 0.360, Class 3.
0.558, 0.373, Class 3.
0.602, 0.395, Class 3.
0.424, 0.301, Class 3.
0.518, 0.299, Class 3.
0.622, 0.312, Class 3.
0.669, 0.253, Class 3.
0.557, 0.291, Class 3.
0.595, 0.343, Class 3.
0.753, 0.443, Class 3.
0.689, 0.486, Class 3.
0.735, 0.516, Class 3.
0.754, 0.450, Class 3.
0.696, 0.371, Class 3.
0.665, 0.461, Class 3.
0.697, 0.417, Class 3.
0.719, 0.521, Class 3.
0.693, 0.430, Class 3.
0.696, 0.550, Class 3.
0.780, 0.472, Class 3.
0.825, 0.511, Class 3.
0.819, 0.443, Class 3.
0.854, 0.440, Class 3.
0.929, 0.540, Class 3.
0.921, 0.547, Class 3.
0.785, 0.464, Class 3.
0.749, 0.538, Class 3.
0.766, 0.559, Class 3.
0.791, 0.528, Class 3.
0.946, 0.457, Class 3.
0.943, 0.539, Class 3.
0.903, 0.468, Class 3.
0.976, 0.496, Class 3.
0.908, 0.432, Class 3.
0.876, 0.532, Class 3.
0.889, 0.395, Class 3.
0.910, 0.479, Class 3.
0.913, 0.469, Class 3.
0.924, 0.467, Class 3.
0.897, 0.244, Class 3.
0.997, 0.327, Class 3.
0.982, 0.252, Class 3.
0.995, 0.321, Class 3.
0.816, 0.207, Class 3.
1.016, 0.206, Class 3.
0.936, 0.278, Class 3.
1.007, 0.318, Class 3.
0.901, 0.348, Class 3.
0.882, 0.351, Class 3.
0.907, 0.262, Class 3.
0.872, 0.256, Class 3.
0.826, 0.224, Class 3.
0.909, 0.313, Class 3.
0.899, 0.275, Class 3.
0.974, 0.152, Class 3.
0.824, 0.208, Class 3.
0.889, 0.291, Class 3.
0.870, 0.245, Class 3.
0.748, 0.277, Class 3.
0.709, 0.376, Class 3.
0.705, 0.416, Class 3.
0.801, 0.368, Class 3.
0.686, 0.327, Class 3.
0.721, 0.420, Class 3.
0.688, 0.365, Class 3.
0.804, 0.365, Class 3.
0.745, 0.430, Class 3.
0.785, 0.408, Class 3.
0.724, 0.435, Class 3.
0.767, 0.360, Class 3.
0.736, 0.377, Class 3.
0.722, 0.415, Class 3.
0.753, 0.392, Class 3.
0.726, 0.435, Class 3.
0.854, 0.332, Class 3.
0.710, 0.383, Class 3.
0.681, 0.438, Class 3.
0.764, 0.335, Class 3.
0.669, 0.380, Class 3.
0.735, 0.370, Class 3.
0.787, 0.233, Class 3.
0.709, 0.324, Class 3.
0.771, 0.342, Class 3.
0.671, 0.274, Class 3.
0.736, 0.307, Class 3.
0.662, 0.392, Class 3.
0.723, 0.367, Class 3.
0.775, 0.342, Class 3.
0.594, 0.319, Class 3.
0.797, 0.298, Class 3.
0.803, 0.397, Class 3.
0.861, 0.290, Class 3.
0.866, 0.299, Class 3.
0.805, 0.295, Class 3.
0.877, 0.278, Class 3.
0.739, 0.385, Class 3.
0.749, 0.199, Class 3.
0.735, 0.312, Class 3.
0.770, 0.351, Class 3.
0.933, 0.391, Class 3.
0.946, 0.467, Class 3.
1.038, 0.502, Class 3.
0.924, 0.426, Class 3.
0.850, 0.475, Class 3.
0.963, 0.417, Class 3.
0.906, 0.400, Class 3.
0.973, 0.405, Class 3.
0.890, 0.498, Class 3.
0.972, 0.529, Class 3.
0.992, 0.553, Class 3.
0.999, 0.682, Class 3.
0.881, 0.600, Class 3.
0.898, 0.589, Class 3.
0.914, 0.535, Class 3.
0.896, 0.559, Class 3.
0.949, 0.685, Class 3.
0.903, 0.590, Class 3.
0.888, 0.568, Class 3.
0.930, 0.484, Class 3.
0.962, 0.561, Class 3.
0.999, 0.590, Class 3.
0.940, 0.585, Class 3.
0.954, 0.586, Class 3.
0.959, 0.620, Class 3.
1.067, 0.598, Class 3.
0.874, 0.550, Class 3.
1.032, 0.548, Class 3.
0.939, 0.560, Class 3.
0.997, 0.591, Class 3.
0.965, 0.920, Class 4.
0.960, 0.917, Class 4.
1.010, 0.927, Class 4.
0.943, 0.967, Class 4.
1.052, 0.852, Class 4.
0.917, 0.943, Class 4.
0.985, 0.864, Class 4.
0.911, 0.945, Class 4.
0.976, 0.951, Class 4.
0.993, 1.031, Class 4.
0.892, 0.862, Class 4.
0.813, 0.853, Class 4.
0.897, 0.873, Class 4.
0.930, 0.885, Class 4.
0.908, 0.830, Class 4.
0.821, 0.961, Class 4.
0.799, 0.856, Class 4.
0.889, 0.946, Class 4.
0.867, 0.837, Class 4.
0.757, 0.829, Class 4.
0.776, 0.918, Class 4.
0.881, 0.880, Class 4.
0.735, 0.780, Class 4.
0.722, 0.840, Class 4.
0.779, 0.862, Class 4.
0.829, 0.797, Class 4.
0.685, 0.857, Class 4.
0.802, 0.787, Class 4.
0.762, 0.889, Class 4.
0.754, 0.889, Class 4.
0.812, 1.021, Class 4.
0.796, 0.749, Class 4.
0.802, 0.946, Class 4.
0.820, 0.784, Class 4.
0.786, 0.822, Class 4.
0.752, 0.839, Class 4.
0.713, 0.907, Class 4.
0.620, 0.933, Class 4.
0.797, 0.921, Class 4.
0.676, 0.792, Class 4.
0.677, 0.906, Class 4.
0.764, 0.847, Class 4.
0.748, 0.946, Class 4.
0.564, 0.935, Class 4.
0.755, 0.902, Class 4.
0.736, 0.992, Class 4.
0.602, 1.014, Class 4.
0.593, 0.953, Class 4.
0.745, 0.837, Class 4.
0.710, 0.984, Class 4.
0.738, 0.910, Class 4.
0.683, 1.044, Class 4.
0.731, 0.976, Class 4.
0.556, 1.001, Class 4.
0.701, 1.029, Class 4.
0.687, 1.000, Class 4.
0.694, 0.959, Class 4.
0.715, 0.868, Class 4.
0.656, 0.927, Class 4.
0.696, 0.915, Class 4.
0.708, 1.021, Class 4.
0.711, 0.937, Class 4.
0.704, 0.937, Class 4.
0.669, 0.968, Class 4.
0.822, 0.991, Class 4.
0.599, 1.039, Class 4.
0.753, 0.999, Class 4.
0.734, 0.996, Class 4.
0.690, 0.870, Class 4.
0.774, 0.938, Class 4.
0.747, 0.948, Class 4.
0.771, 0.985, Class 4.
0.739, 0.906, Class 4.
0.762, 1.022, Class 4.
0.746, 1.041, Class 4.
0.695, 0.973, Class 4.
0.746, 0.994, Class 4.
0.732, 0.963, Class 4.
0.821, 1.022, Class 4.
0.725, 1.027, Class 4.
0.833, 1.014, Class 4.
0.864, 0.919, Class 4.
0.790, 1.003, Class 4.
0.879, 1.025, Class 4.
0.787, 0.944, Class 4.
0.843, 1.072, Class 4.
0.756, 0.958, Class 4.
0.861, 0.895, Class 4.
0.900, 0.940, Class 4.
0.886, 0.908, Class 4.
0.854, 1.060, Class 4.
0.806, 0.945, Class 4.
0.751, 0.981, Class 4.
0.803, 0.960, Class 4.
0.835, 0.892, Class 4.
0.809, 0.934, Class 4.
0.968, 0.981, Class 4.
0.836, 0.963, Class 4.
0.819, 0.965, Class 4.
0.882, 0.997, Class 4.
0.867, 1.024, Class 4.
0.865, 0.972, Class 4.
0.891, 0.988, Class 4.
0.920, 0.997, Class 4.
0.836, 1.006, Class 4.
0.934, 1.007, Class 4.
0.847, 0.903, Class 4.
0.978, 1.055, Class 4.
0.887, 1.069, Class 4.
0.926, 1.010, Class 4.
0.914, 0.966, Class 4.
0.970, 0.992, Class 4.
0.847, 0.979, Class 4.
1.025, 0.882, Class 4.
0.897, 0.934, Class 4.
0.916, 0.949, Class 4.
0.912, 0.931, Class 4.
0.807, 0.921, Class 4.
0.810, 0.932, Class 4.
1.017, 0.774, Class 4.
0.953, 0.901, Class 4.
0.928, 0.977, Class 4.
1.044, 0.843, Class 4.
0.885, 0.909, Class 4.
0.993, 0.923, Class 4.
0.981, 0.839, Class 4.
0.993, 0.950, Class 4.
0.907, 0.886, Class 4.
0.990, 0.812, Class 4.
0.979, 0.851, Class 4.
0.966, 0.873, Class 4.
0.946, 0.883, Class 4.
0.892, 0.896, Class 4.
0.971, 0.900, Class 4.
0.934, 0.808, Class 4.
0.818, 0.940, Class 4.
0.894, 0.947, Class 4.
0.897, 0.953, Class 4.
0.956, 0.892, Class 4.
0.871, 0.854, Class 4.
0.826, 0.882, Class 4.
0.810, 0.895, Class 4.
0.855, 0.887, Class 4.
0.845, 1.019, Class 4.
0.789, 0.933, Class 4.
0.780, 0.884, Class 4.
0.891, 1.037, Class 4.
0.851, 0.872, Class 4.
0.831, 0.900, Class 4.
0.801, 0.905, Class 4.
0.735, 0.918, Class 4.
0.785, 0.844, Class 4.
0.733, 1.010, Class 4.
0.626, 0.865, Class 4.
0.625, 0.965, Class 4.
0.679, 0.964, Class 4.
0.691, 0.887, Class 4.
0.744, 1.026, Class 4.
0.739, 0.894, Class 4.
0.724, 0.849, Class 4.
0.674, 0.941, Class 4.
0.675, 0.945, Class 4.
0.752, 0.915, Class 4.
0.637, 0.918, Class 4.
0.696, 0.920, Class 4.
0.658, 0.975, Class 4.
0.795, 0.952, Class 4.
0.717, 0.945, Class 4.
0.679, 0.906, Class 4.
0.733, 1.037, Class 4.
0.690, 0.914, Class 4.
0.595, 0.901, Class 4.
0.721, 0.841, Class 4.
0.606, 0.881, Class 4.
0.669, 0.777, Class 4.
0.702, 0.860, Class 4.
0.589, 0.949, Class 4.
0.603, 0.948, Class 4.
0.690, 0.812, Class 4.
0.566, 0.813, Class 4.
0.689, 0.890, Class 4.
0.609, 0.867, Class 4.
0.661, 0.899, Class 4.
0.675, 0.947, Class 4.
0.672, 0.799, Class 4.
0.585, 0.926, Class 4.
0.701, 0.836, Class 4.
0.684, 0.892, Class 4.
0.690, 0.931, Class 4.
0.575, 0.883, Class 4.
0.614, 0.949, Class 4.
0.536, 0.904, Class 4.
0.651, 0.975, Class 4.
0.672, 0.957, Class 4.
0.700, 1.061, Class 4.
0.599, 1.000, Class 4.
0.541, 1.072, Class 4.
0.675, 0.909, Class 4.
0.637, 0.953, Class 4.
0.682, 0.979, Class 4.
0.582, 1.007, Class 4.
0.597, 0.998, Class 4.
0.636, 0.845, Class 4.
0.673, 1.055, Class 4.
0.577, 1.013, Class 4.
0.566, 1.008, Class 4.
0.532, 1.104, Class 4.
0.634, 1.033, Class 4.
0.618, 0.971, Class 4.
0.621, 1.132, Class 4.
0.845, 0.947, Class 4.
0.939, 0.890, Class 4.
0.892, 0.913, Class 4.
0.887, 0.885, Class 4.
0.863, 0.837, Class 4.
0.915, 1.032, Class 4.
0.895, 0.907, Class 4.
0.848, 0.905, Class 4.
0.945, 0.912, Class 4.
0.842, 0.833, Class 4.
0.963, 0.959, Class 4.
0.964, 0.859, Class 4.
1.006, 0.842, Class 4.
0.932, 0.934, Class 4.
0.872, 0.873, Class 4.
0.946, 0.914, Class 4.
1.015, 0.879, Class 4.
0.838, 0.957, Class 4.
0.878, 0.897, Class 4.
0.898, 0.818, Class 4.
0.981, 0.858, Class 4.
0.877, 0.898, Class 4.
1.062, 0.915, Class 4.
1.042, 0.924, Class 4.
1.001, 0.902, Class 4.
1.017, 0.801, Class 4.
0.916, 0.948, Class 4.
0.999, 0.893, Class 4.
1.027, 0.924, Class 4.
0.973, 0.971, Class 4.
0.793, 0.933, Class 4.
0.972, 1.008, Class 4.
0.952, 0.842, Class 4.
0.909, 0.897, Class 4.
1.024, 1.011, Class 4.
0.896, 0.866, Class 4.
0.989, 0.987, Class 4.
1.041, 0.897, Class 4.
0.964, 0.956, Class 4.
1.054, 0.931, Class 4.
0.832, 0.908, Class 4.
0.850, 0.924, Class 4.
0.971, 0.849, Class 4.
0.862, 0.932, Class 4.
0.832, 0.989, Class 4.
0.866, 0.974, Class 4.
0.823, 0.917, Class 4.
0.931, 0.847, Class 4.
0.847, 0.923, Class 4.
0.946, 0.891, Class 4.
0.892, 0.891, Class 4.
0.855, 0.910, Class 4.
0.795, 0.852, Class 4.
0.896, 0.896, Class 4.
0.840, 0.824, Class 4.
1.030, 0.898, Class 4.
0.878, 1.020, Class 4.
0.843, 0.850, Class 4.
0.889, 0.907, Class 4.
0.912, 0.903, Class 4.
0.950, 0.917, Class 4.
0.968, 0.873, Class 4.
0.987, 0.905, Class 4.
0.953, 0.965, Class 4.
0.963, 0.945, Class 4.
0.917, 0.879, Class 4.
0.844, 0.939, Class 4.
1.014, 0.875, Class 4.
1.031, 0.919, Class 4.
0.939, 0.877, Class 4.
0.813, 0.975, Class 4.
0.850, 0.949, Class 4.
0.914, 1.012, Class 4.
0.904, 0.975, Class 4.
0.857, 0.956, Class 4.
0.865, 0.934, Class 4.
0.761, 0.977, Class 4.
0.951, 0.979, Class 4.
0.908, 0.946, Class 4.
0.800, 0.919, Class 4.
0.824, 0.914, Class 4.
0.787, 0.908, Class 4.
0.776, 1.006, Class 4.
0.821, 0.963, Class 4.
0.812, 0.860, Class 4.
0.763, 0.981, Class 4.
0.755, 0.941, Class 4.
0.879, 0.888, Class 4.
0.763, 0.987, Class 4.
0.761, 0.921, Class 4.
0.869, 0.933, Class 4.
0.867, 0.944, Class 4.
0.923, 0.929, Class 4.
0.905, 0.893, Class 4.
0.894, 0.939, Class 4.
0.875, 0.872, Class 4.
0.978, 0.907, Class 4.
0.949, 0.906, Class 4.
0.966, 0.977, Class 4.
0.893, 0.796, Class 4.
0.787, 0.912, Class 4.
0.743, 0.964, Class 4.
0.811, 0.895, Class 4.
0.760, 0.929, Class 4.
0.763, 0.978, Class 4.
0.862, 1.028, Class 4.
0.696, 0.909, Class 4.
0.758, 0.886, Class 4.
0.861, 0.912, Class 4.
0.744, 0.962, Class 4.
0.866, 0.875, Class 4.
0.855, 0.874, Class 4.
0.746, 0.848, Class 4.
0.897, 0.880, Class 4.
0.915, 0.933, Class 4.
0.865, 0.872, Class 4.
0.779, 0.821, Class 4.
0.882, 0.822, Class 4.
0.960, 0.856, Class 4.
0.834, 0.875, Class 4.
0.874, 0.989, Class 4.
0.886, 0.881, Class 4.
0.850, 0.855, Class 4.
0.892, 0.815, Class 4.
0.892, 0.954, Class 4.
0.763, 0.977, Class 4.
0.894, 0.912, Class 4.
0.874, 0.885, Class 4.
0.773, 0.887, Class 4.
0.879, 0.861, Class 4.
0.840, 0.852, Class 4.
0.893, 0.900, Class 4.
0.804, 0.918, Class 4.
0.758, 0.976, Class 4.
0.861, 0.968, Class 4.
0.791, 1.033, Class 4.
0.883, 0.873, Class 4.
0.766, 0.929, Class 4.
0.814, 1.043, Class 4.
0.792, 0.905, Class 4.
0.915, 0.899, Class 4.
0.942, 0.965, Class 4.
0.866, 0.863, Class 4.
0.866, 0.962, Class 4.
1.018, 0.882, Class 4.
0.947, 0.910, Class 4.
0.904, 0.909, Class 4.
0.929, 0.929, Class 4.
0.965, 0.905, Class 4.
0.883, 0.900, Class 4.
0.852, 0.855, Class 4.
0.868, 0.961, Class 4.
0.871, 0.926, Class 4.
0.816, 1.041, Class 4.
0.843, 0.912, Class 4.
0.833, 0.926, Class 4.
0.783, 0.921, Class 4.
0.730, 0.902, Class 4.
0.867, 0.886, Class 4.
0.771, 0.957, Class 4.
0.885, 0.928, Class 4.
0.751, 0.935, Class 4.
0.875, 0.808, Class 4.
0.808, 0.893, Class 4.
0.809, 0.925, Class 4.
0.820, 0.862, Class 4.
0.856, 0.981, Class 4.
0.837, 0.911, Class 4.
0.819, 0.879, Class 4.
0.771, 0.925, Class 4.
1.031, 1.057, Class 4.
0.909, 0.883, Class 4.
1.001, 0.897, Class 4.
0.877, 0.990, Class 4.
0.949, 0.915, Class 4.
0.903, 0.989, Class 4.
0.881, 0.966, Class 4.
0.935, 0.965, Class 4.
0.926, 1.024, Class 4.
0.904, 0.915, Class 4.
0.887, 0.990, Class 4.
0.816, 0.960, Class 4.
0.800, 0.882, Class 4.
0.870, 0.890, Class 4.
0.825, 0.995, Class 4.
0.758, 0.885, Class 4.
0.817, 0.938, Class 4.
0.893, 0.941, Class 4.
0.696, 1.010, Class 4.
0.845, 0.879, Class 4.
0.713, 1.013, Class 4.
0.772, 0.895, Class 4.
0.667, 0.805, Class 4.
0.688, 0.881, Class 4.
0.776, 0.899, Class 4.
0.713, 0.919, Class 4.
0.679, 0.898, Class 4.
0.730, 1.008, Class 4.
0.767, 0.890, Class 4.
0.753, 0.907, Class 4.
0.753, 0.813, Class 4.
0.761, 0.932, Class 4.
0.813, 0.791, Class 4.
0.680, 0.920, Class 4.
0.743, 0.931, Class 4.
0.750, 0.931, Class 4.
0.788, 0.890, Class 4.
0.734, 0.847, Class 4.
0.795, 0.785, Class 4.
0.741, 0.868, Class 4.
0.777, 0.947, Class 4.
0.874, 0.791, Class 4.
0.724, 0.913, Class 4.
0.755, 0.934, Class 4.
0.834, 0.980, Class 4.
0.807, 0.858, Class 4.
0.800, 0.853, Class 4.
0.828, 0.880, Class 4.
0.810, 0.918, Class 4.
0.766, 0.776, Class 4.
0.817, 0.921, Class 4.
0.830, 0.932, Class 4.
0.827, 0.932, Class 4.
0.915, 0.946, Class 4.
0.832, 0.907, Class 4.
0.872, 0.916, Class 4.
0.838, 0.928, Class 4.
0.869, 0.965, Class 4.
0.779, 0.923, Class 4.
0.866, 0.944, Class 4.
0.783, 0.887, Class 4.
0.757, 0.933, Class 4.
0.683, 0.950, Class 4.
0.753, 0.948, Class 4.
0.749, 0.964, Class 4.
0.800, 0.992, Class 4.
0.766, 1.031, Class 4.
0.730, 0.984, Class 4.
0.717, 0.936, Class 4.
0.818, 1.050, Class 4.
0.684, 1.023, Class 4.
0.679, 1.013, Class 4.
0.752, 0.992, Class 4.
0.698, 0.960, Class 4.
0.658, 0.984, Class 4.
0.763, 0.947, Class 4.
0.759, 0.971, Class 4.
0.633, 1.010, Class 4.
0.605, 1.031, Class 4.
0.626, 1.029, Class 4.
0.729, 0.909, Class 4.
0.861, 0.915, Class 4.
0.790, 1.012, Class 4.
0.819, 0.964, Class 4.
0.693, 1.003, Class 4.
0.874, 1.000, Class 4.
0.797, 0.907, Class 4.
0.670, 0.977, Class 4.
0.719, 0.855, Class 4.
0.690, 1.001, Class 4.
0.883, 0.932, Class 4.
0.891, 0.885, Class 4.
0.785, 0.746, Class 4.
0.865, 0.902, Class 4.
0.923, 0.831, Class 4.
0.847, 0.960, Class 4.
0.859, 0.829, Class 4.
0.893, 0.826, Class 4.
0.933, 0.779, Class 4.
0.947, 0.926, Class 4.
1.057, 0.925, Class 4.
0.885, 0.838, Class 4.
0.977, 0.888, Class 4.
0.995, 0.794, Class 4.
0.988, 0.867, Class 4.
1.044, 0.966, Class 4.
0.960, 0.869, Class 4.
0.998, 0.829, Class 4.
0.928, 0.856, Class 4.
0.960, 1.062, Class 4.
0.804, 0.989, Class 4.
0.857, 0.999, Class 4.
0.904, 1.020, Class 4.
0.791, 0.965, Class 4.
0.957, 0.927, Class 4.
0.854, 0.897, Class 4.
0.929, 0.973, Class 4.
0.983, 0.941, Class 4.
1.041, 1.007, Class 4.
0.905, 0.929, Class 4.
0.838, 1.015, Class 4.
0.760, 0.922, Class 4.
0.817, 0.974, Class 4.
0.858, 0.966, Class 4.
0.880, 1.066, Class 4.
0.873, 0.972, Class 4.
0.842, 0.992, Class 4.
0.728, 0.937, Class 4.
0.744, 0.973, Class 4.
0.873, 0.903, Class 4.
0.810, 0.979, Class 4.
0.857, 0.971, Class 4.
0.819, 0.972, Class 4.
0.780, 0.994, Class 4.
0.761, 0.970, Class 4.
0.852, 0.838, Class 4.
0.781, 0.967, Class 4.
0.760, 0.893, Class 4.
0.770, 0.820, Class 4.
0.709, 0.952, Class 4.
0.865, 0.887, Class 4.
0.763, 0.945, Class 4.
0.809, 0.893, Class 4.
0.769, 0.969, Class 4.
0.750, 0.858, Class 4.
0.746, 0.881, Class 4.
0.772, 0.908, Class 4.
0.843, 0.958, Class 4.
0.756, 0.895, Class 4.
0.790, 0.895, Class 4.
0.897, 0.877, Class 4.
0.834, 0.758, Class 4.
0.901, 0.862, Class 4.
0.814, 0.818, Class 4.
0.755, 0.757, Class 4.
0.884, 0.796, Class 4.
0.810, 0.761, Class 4.
0.900, 0.803, Class 4.
0.754, 0.863, Class 4.
0.770, 0.750, Class 4.
0.922, 0.857, Class 4.
0.988, 0.919, Class 4.
1.016, 0.870, Class 4.
1.136, 0.838, Class 4.
0.933, 0.871, Class 4.
0.988, 0.939, Class 4.
1.010, 0.968, Class 4.
0.955, 0.978, Class 4.
0.961, 0.986, Class 4.
0.960, 0.959, Class 4.
0.971, 0.962, Class 4.
0.838, 0.957, Class 4.
0.966, 0.907, Class 4.
0.904, 0.947, Class 4.
0.804, 0.991, Class 4.
0.979, 0.854, Class 4.
0.978, 0.918, Class 4.
0.946, 0.915, Class 4.
0.946, 0.985, Class 4.
0.947, 0.938, Class 4.
0.790, 0.907, Class 4.
0.856, 0.934, Class 4.
0.762, 0.878, Class 4.
0.716, 0.947, Class 4.
0.693, 0.872, Class 4.
0.755, 0.938, Class 4.
0.729, 0.982, Class 4.
0.687, 0.874, Class 4.
0.747, 0.917, Class 4.
0.752, 0.920, Class 4.
0.805, 0.851, Class 4.
0.735, 0.852, Class 4.
0.710, 0.897, Class 4.
0.795, 0.859, Class 4.
0.762, 0.813, Class 4.
0.750, 0.855, Class 4.
0.689, 0.771, Class 4.
0.752, 0.951, Class 4.
0.729, 0.882, Class 4.
0.688, 0.897, Class 4.
0.694, 0.840, Class 4.
0.752, 0.937, Class 4.
0.757, 0.806, Class 4.
0.723, 0.765, Class 4.
0.743, 0.787, Class 4.
0.797, 0.838, Class 4.
0.658, 0.811, Class 4.
0.722, 0.751, Class 4.
0.772, 0.770, Class 4.
0.608, 0.757, Class 4.
0.783, 0.812, Class 4.
0.826, 0.849, Class 4.
0.813, 0.812, Class 4.
0.823, 0.792, Class 4.
0.875, 0.926, Class 4.
0.808, 0.913, Class 4.
0.854, 0.849, Class 4.
0.802, 0.839, Class 4.
0.824, 0.838, Class 4.
0.875, 0.829, Class 4.
0.912, 0.980, Class 4.
0.815, 0.979, Class 4.
0.854, 0.894, Class 4.
0.793, 0.903, Class 4.
0.827, 0.922, Class 4.
0.904, 0.886, Class 4.
0.907, 0.893, Class 4.
0.849, 0.857, Class 4.
0.905, 0.896, Class 4.
0.877, 0.863, Class 4.
0.876, 0.965, Class 4.
0.855, 0.942, Class 4.
0.913, 0.901, Class 4.
0.981, 1.059, Class 4.
0.875, 0.917, Class 4.
0.934, 0.979, Class 4.
0.915, 0.940, Class 4.
0.941, 0.920, Class 4.
0.876, 1.054, Class 4.
0.901, 0.957, Class 4.
0.912, 0.959, Class 4.
0.911, 0.937, Class 4.
0.844, 0.880, Class 4.
0.881, 0.928, Class 4.
0.870, 0.915, Class 4.
0.847, 0.992, Class 4.
0.750, 1.025, Class 4.
0.834, 0.940, Class 4.
0.896, 0.935, Class 4.
0.858, 0.974, Class 4.
0.899, 0.992, Class 4.
0.947, 0.900, Class 4.
0.950, 0.966, Class 4.
0.844, 1.039, Class 4.
0.863, 0.953, Class 4.
0.908, 0.987, Class 4.
1.012, 0.894, Class 4.
0.868, 1.036, Class 4.
0.986, 0.940, Class 4.
0.887, 0.970, Class 4.
1.074, 0.895, Class 4.
1.048, 0.980, Class 4.
1.013, 0.984, Class 4.
1.065, 0.966, Class 4.
0.966, 0.908, Class 4.
1.026, 1.009, Class 4.
0.953, 0.919, Class 4.
0.959, 1.022, Class 4.
1.018, 0.953, Class 4.
1.014, 0.915, Class 4.
0.976, 0.931, Class 4.
0.998, 0.969, Class 4.
0.912, 0.843, Class 4.
0.951, 0.870, Class 4.
0.909, 1.010, Class 4.
0.923, 0.892, Class 4.
1.028, 1.069, Class 4.
0.949, 0.877, Class 4.
0.887, 0.961, Class 4.
0.993, 0.927, Class 4.
0.940, 0.895, Class 4.
0.888, 1.026, Class 4.
0.925, 0.951, Class 4.
0.909, 0.952, Class 4.
0.891, 0.964, Class 4.
0.899, 0.840, Class 4.
0.857, 0.967, Class 4.
0.857, 0.987, Class 4.
0.878, 0.887, Class 4.
0.938, 0.895, Class 4.
0.842, 0.910, Class 4.
0.906, 1.003, Class 4.
0.860, 0.957, Class 4.
0.871, 0.962, Class 4.
0.870, 0.931, Class 4.
0.775, 0.928, Class 4.
0.786, 1.010, Class 4.
0.857, 0.983, Class 4.
0.886, 1.049, Class 4.
0.841, 1.015, Class 4.
0.955, 0.866, Class 4.
0.932, 0.881, Class 4.
0.922, 0.895, Class 4.
0.899, 0.969, Class 4.
0.904, 0.953, Class 4.
0.892, 0.917, Class 4.
0.900, 0.848, Class 4.
0.903, 0.955, Class 4.
0.895, 0.976, Class 4.
0.905, 0.933, Class 4.
0.961, 0.913, Class 4.
0.958, 0.942, Class 4.
0.873, 0.986, Class 4.
0.848, 0.935, Class 4.
0.918, 0.882, Class 4.
0.878, 0.950, Class 4.
0.913, 0.953, Class 4.
0.963, 0.878, Class 4.
0.968, 1.021, Class 4.
0.928, 0.917, Class 4.
0.942, 0.877, Class 4.
1.019, 0.899, Class 4.
0.971, 0.988, Class 4.
0.917, 0.901, Class 4.
0.956, 0.978, Class 4.
0.899, 0.920, Class 4.
0.928, 0.903, Class 4.
0.896, 0.909, Class 4.
0.937, 1.013, Class 4.
0.884, 0.933, Class 4.
0.865, 0.894, Class 4.
0.917, 0.918, Class 4.
0.928, 0.928, Class 4.
0.901, 0.843, Class 4.
0.802, 0.901, Class 4.
0.874, 0.912, Class 4.
0.902, 0.927, Class 4.
0.966, 0.881, Class 4.
0.869, 0.860, Class 4.
0.906, 0.813, Class 4.
0.834, 0.835, Class 4.
0.818, 0.925, Class 4.
0.826, 0.847, Class 4.
0.709, 0.852, Class 4.
0.875, 0.863, Class 4.
0.845, 0.859, Class 4.
0.880, 0.883, Class 4.
0.778, 0.804, Class 4.
0.897, 0.779, Class 4.
0.867, 0.974, Class 4.
0.754, 0.968, Class 4.
0.798, 0.885, Class 4.
0.806, 0.834, Class 4.
0.739, 0.870, Class 4.
0.722, 0.964, Class 4.
0.714, 0.931, Class 4.
0.783, 0.944, Class 4.
0.789, 0.817, Class 4.
0.732, 0.912, Class 4.
0.845, 0.912, Class 4.
0.730, 1.018, Class 4.
0.718, 0.859, Class 4.
0.749, 0.897, Class 4.
0.662, 0.848, Class 4.
0.683, 0.876, Class 4.
0.756, 0.903, Class 4.
0.744, 0.897, Class 4.
0.800, 0.918, Class 4.
0.778, 0.925, Class 4.
0.824, 0.910, Class 4.
0.690, 0.926, Class 4.
0.644, 0.858, Class 4.
0.728, 0.834, Class 4.
0.702, 0.932, Class 4.
0.659, 0.992, Class 4.
0.628, 0.916, Class 4.
0.730, 0.953, Class 4.
0.713, 0.932, Class 4.
0.616, 0.994, Class 4.
0.687, 0.930, Class 4.
0.719, 0.962, Class 4.
0.753, 0.976, Class 4.
0.646, 1.037, Class 4.
0.703, 0.890, Class 4.
0.630, 0.893, Class 4.
0.746, 0.958, Class 4.
0.707, 0.991, Class 4.
0.632, 1.010, Class 4.
0.675, 0.985, Class 4.
0.708, 0.946, Class 4.
0.643, 0.965, Class 4.
0.634, 0.841, Class 4.
0.725, 0.846, Class 4.
0.745, 1.093, Class 4.
0.671, 0.956, Class 4.
0.810, 0.892, Class 4.
0.699, 0.936, Class 4.
0.685, 1.036, Class 4.
0.632, 1.039, Class 4.
0.683, 1.011, Class 4.
0.697, 0.878, Class 4.
0.664, 0.891, Class 4.
0.675, 0.972, Class 4.
0.740, 0.899, Class 4.
0.717, 0.943, Class 4.
0.702, 0.858, Class 4.
0.688, 0.940, Class 4.
0.761, 0.915, Class 4.
0.801, 0.923, Class 4.
0.659, 0.896, Class 4.
0.865, 0.911, Class 4.
0.853, 0.895, Class 4.
0.721, 0.809, Class 4.
0.790, 0.895, Class 4.
0.759, 0.895, Class 4.
0.860, 0.915, Class 4.
0.753, 0.890, Class 4.
0.818, 0.848, Class 4.
0.763, 0.963, Class 4.
0.842, 0.883, Class 4.
0.886, 0.794, Class 4.
0.795, 0.899, Class 4.
0.927, 0.833, Class 4.
0.827, 0.884, Class 4.
0.872, 0.942, Class 4.
0.830, 0.869, Class 4.
0.860, 0.844, Class 4.
0.898, 0.909, Class 4.
0.901, 0.867, Class 4.
0.816, 0.771, Class 4.
0.924, 0.907, Class 4.
0.876, 0.901, Class 4.
1.009, 0.855, Class 4.
0.861, 0.916, Class 4.
0.824, 0.948, Class 4.
0.868, 0.828, Class 4.
0.978, 0.855, Class 4.
0.865, 0.909, Class 4.
0.820, 0.887, Class 4.
0.951, 0.866, Class 4.
0.825, 0.910, Class 4.
0.936, 0.968, Class 4.
0.947, 0.956, Class 4.
0.869, 0.945, Class 4.
0.949, 0.849, Class 4.
0.974, 0.904, Class 4.
0.931, 0.845, Class 4.
0.916, 0.850, Class 4.
0.929, 0.825, Class 4.
0.961, 0.855, Class 4.
0.965, 0.866, Class 4.
0.911, 0.746, Class 4.
0.932, 0.959, Class 4.
0.888, 0.906, Class 4.
0.958, 0.960, Class 4.
1.062, 0.944, Class 4.
0.956, 0.843, Class 4.
0.955, 0.898, Class 4.
0.958, 0.994, Class 4.
1.026, 0.891, Class 4.
0.997, 0.887, Class 4.
0.995, 0.751, Class 4.
0.909, 0.903, Class 4.
0.989, 0.878, Class 4.
1.052, 0.964, Class 4.
0.933, 0.953, Class 4.
0.980, 0.904, Class 4.
0.973, 0.914, Class 4.
0.984, 0.937, Class 4.
0.968, 0.849, Class 4.
0.896, 0.864, Class 4.
0.892, 0.897, Class 4.
0.849, 0.839, Class 4.
0.910, 0.766, Class 4.
0.841, 0.850, Class 4.
0.932, 0.813, Class 4.
0.932, 0.850, Class 4.
0.905, 0.908, Class 4.
0.861, 0.920, Class 4.
0.891, 0.871, Class 4.
0.745, 0.964, Class 4.
0.724, 0.849, Class 4.
0.627, 0.925, Class 4.
0.665, 0.858, Class 4.
0.752, 0.854, Class 4.
0.808, 0.822, Class 4.
0.694, 0.860, Class 4.
0.711, 0.843, Class 4.
0.668, 0.893, Class 4.
0.732, 0.840, Class 4.
0.706, 1.057, Class 4.
0.693, 0.956, Class 4.
0.641, 0.878, Class 4.
0.748, 0.896, Class 4.
0.713, 0.945, Class 4.
0.751, 0.912, Class 4.
0.685, 0.963, Class 4.
0.730, 0.891, Class 4.
0.624, 0.972, Class 4.
0.588, 0.934, Class 4.
0.594, 0.984, Class 4.
0.640, 1.057, Class 4.
0.672, 0.986, Class 4.
0.573, 1.007, Class 4.
0.615, 0.989, Class 4.
0.619, 1.022, Class 4.
0.766, 0.983, Class 4.
0.607, 0.907, Class 4.
0.681, 0.975, Class 4.
0.652, 0.965, Class 4.
0.644, 1.021, Class 4.
0.635, 0.953, Class 4.
0.622, 0.952, Class 4.
0.641, 1.050, Class 4.
0.607, 1.003, Class 4.
0.688, 0.974, Class 4.
0.632, 0.901, Class 4.
0.656, 0.944, Class 4.
0.614, 0.944, Class 4.
0.633, 0.969, Class 4.
0.632, 0.944, Class 4.
0.690, 0.828, Class 4.
0.761, 0.828, Class 4.
0.702, 0.843, Class 4.
0.796, 0.966, Class 4.
0.558, 0.900, Class 4.
0.714, 0.962, Class 4.
0.749, 0.912, Class 4.
0.720, 0.909, Class 4.
0.675, 0.956, Class 4.
0.677, 0.782, Class 4.
0.725, 0.889, Class 4.
0.693, 0.848, Class 4.
0.729, 0.866, Class 4.
0.810, 0.898, Class 4.
0.827, 0.846, Class 4.
0.706, 0.829, Class 4.
0.684, 0.865, Class 4.
0.761, 0.960, Class 4.
0.685, 0.937, Class 4.
0.745, 0.797, Class 4.
0.787, 0.881, Class 4.
0.878, 0.817, Class 4.
0.777, 0.830, Class 4.
0.787, 0.896, Class 4.
0.870, 0.846, Class 4.
0.851, 0.841, Class 4.
0.791, 0.806, Class 4.
0.791, 0.890, Class 4.
0.805, 0.863, Class 4.
0.873, 0.946, Class 4.
0.762, 0.782, Class 4.
0.887, 0.815, Class 4.
0.875, 0.839, Class 4.
0.837, 0.804, Class 4.
0.863, 0.892, Class 4.
0.875, 0.932, Class 4.
0.883, 0.770, Class 4.
0.925, 0.811, Class 4.
0.824, 0.856, Class 4.
0.817, 0.779, Class 4.
0.906, 0.902, Class 4.
0.897, 0.881, Class 4.
0.984, 0.816, Class 4.
0.915, 0.876, Class 4.
0.918, 0.894, Class 4.
0.965, 0.849, Class 4.
0.921, 0.896, Class 4.
0.923, 0.915, Class 4.
0.978, 0.813, Class 4.
0.948, 0.883, Class 4.
0.999, 0.841, Class 4.
0.945, 0.861, Class 4.
0.908, 0.939, Class 4.
1.078, 0.872, Class 4.
0.869, 0.809, Class 4.
1.001, 0.904, Class 4.
0.923, 0.844, Class 4.
0.877, 0.871, Class 4.
0.825, 0.817, Class 4.
0.987, 0.842, Class 4.
0.960, 0.820, Class 4.
0.983, 0.865, Class 4.
0.974, 0.849, Class 4.
1.024, 0.896, Class 4.
0.928, 0.905, Class 4.
0.925, 0.853, Class 4.
0.880, 0.879, Class 4.
0.985, 0.800, Class 4.
0.921, 0.889, Class 4.
0.936, 0.786, Class 4.
0.935, 0.839, Class 4.
0.971, 0.762, Class 4.
0.725, 0.805, Class 4.
0.874, 0.759, Class 4.
0.916, 0.786, Class 4.
1.017, 0.824, Class 4.
0.961, 0.768, Class 4.
0.874, 0.748, Class 4.
0.907, 0.883, Class 4.
0.701, 0.859, Class 4.
0.779, 0.952, Class 4.
0.728, 0.938, Class 4.
0.627, 0.840, Class 4.
0.694, 0.908, Class 4.
0.758, 0.926, Class 4.
0.736, 0.819, Class 4.
0.661, 0.842, Class 4.
0.639, 0.839, Class 4.
0.741, 0.850, Class 4.
0.731, 0.935, Class 4.
0.679, 0.927, Class 4.
0.749, 0.943, Class 4.
0.700, 0.927, Class 4.
0.684, 0.879, Class 4.
0.706, 0.932, Class 4.
0.750, 0.894, Class 4.
0.662, 0.946, Class 4.
0.659, 0.918, Class 4.
0.692, 0.967, Class 4.
0.694, 0.898, Class 4.
0.766, 0.823, Class 4.
0.625, 0.958, Class 4.
0.686, 0.931, Class 4.
0.607, 0.887, Class 4.
0.715, 0.952, Class 4.
0.650, 0.854, Class 4.
0.627, 1.001, Class 4.
0.649, 0.899, Class 4.
0.697, 0.958, Class 4.
0.569, 0.855, Class 4.
0.825, 0.930, Class 4.
0.682, 0.996, Class 4.
0.676, 0.957, Class 4.
0.726, 1.020, Class 4.
0.623, 0.966, Class 4.
0.711, 0.915, Class 4.
0.691, 0.973, Class 4.
0.648, 0.971, Class 4.
0.691, 0.935, Class 4.
0.760, 0.849, Class 4.
0.831, 0.784, Class 4.
0.844, 0.910, Class 4.
0.856, 0.892, Class 4.
0.814, 0.859, Class 4.
0.868, 0.779, Class 4.
0.854, 0.884, Class 4.
0.810, 0.880, Class 4.
0.789, 0.892, Class 4.
0.754, 0.873, Class 4.
0.960, 0.761, Class 4.
0.925, 0.855, Class 4.
0.938, 0.887, Class 4.
0.972, 0.891, Class 4.
0.835, 0.865, Class 4.
0.904, 0.830, Class 4.
0.833, 0.750, Class 4.
0.986, 0.855, Class 4.
0.868, 0.845, Class 4.
0.897, 0.756, Class 4.
0.962, 0.910, Class 4.
1.021, 0.847, Class 4.
0.927, 0.888, Class 4.
0.909, 0.955, Class 4.
0.982, 0.880, Class 4.
1.021, 0.886, Class 4.
1.037, 0.860, Class 4.
0.951, 0.760, Class 4.
0.946, 0.783, Class 4.
1.058, 0.837, Class 4.
1.006, 0.889, Class 4.
1.025, 0.844, Class 4.
1.038, 0.988, Class 4.
1.037, 0.955, Class 4.
1.015, 0.804, Class 4.
1.026, 0.946, Class 4.
1.028, 0.890, Class 4.
1.041, 0.901, Class 4.
1.048, 0.965, Class 4.
1.026, 0.894, Class 4.
1.063, 1.029, Class 4.
0.993, 1.026, Class 4.
1.072, 0.972, Class 4.
0.980, 0.930, Class 4.
0.999, 0.960, Class 4.
1.072, 0.902, Class 4.
1.078, 0.928, Class 4.
1.033, 1.016, Class 4.
0.948, 0.921, Class 4.
1.070, 0.959, Class 4.
0.983, 1.089, Class 4.
1.051, 0.938, Class 4.
0.987, 1.078, Class 4.
1.078, 1.004, Class 4.
1.024, 0.970, Class 4.
0.974, 1.076, Class 4.
1.019, 1.002, Class 4.
0.969, 0.982, Class 4.
1.038, 0.968, Class 4.
1.005, 0.929, Class 4.
0.958, 0.974, Class 4.
0.975, 1.016, Class 4.
0.913, 0.995, Class 4.
1.008, 0.929, Class 4.
0.997, 1.027, Class 4.
1.078, 1.041, Class 4.
0.932, 1.036, Class 4.
0.980, 0.981, Class 4.
1.007, 1.038, Class 4.
1.041, 1.025, Class 4.
1.027, 0.953, Class 4.
0.999, 0.868, Class 4.
1.006, 1.010, Class 4.
1.060, 0.916, Class 4.
0.995, 0.856, Class 4.
1.011, 0.967, Class 4.
1.080, 0.941, Class 4.
1.037, 0.955, Class 4.
1.046, 0.974, Class 4.
0.949, 0.997, Class 4.
0.930, 0.869, Class 4.
1.037, 0.887, Class 4.
0.995, 0.901, Class 4.
1.041, 0.888, Class 4.
0.981, 0.852, Class 4.
1.086, 0.918, Class 4.
1.006, 0.875, Class 4.
1.027, 0.889, Class 4.
1.013, 0.923, Class 4.
0.996, 0.927, Class 4.
1.016, 0.928, Class 4.
1.006, 0.831, Class 4.
1.013, 0.846, Class 4.
1.003, 0.802, Class 4.
1.051, 0.835, Class 4.
1.046, 0.804, Class 4.
1.017, 0.877, Class 4.
0.954, 0.866, Class 4.
1.064, 0.850, Class 4.
1.027, 0.920, Class 4.
0.955, 0.878, Class 4.
0.925, 0.984, Class 4.
0.917, 0.950, Class 4.
0.888, 0.962, Class 4.
0.941, 0.993, Class 4.
0.974, 0.937, Class 4.
0.972, 0.964, Class 4.
0.981, 0.926, Class 4.
0.998, 0.952, Class 4.
1.015, 0.938, Class 4.
0.905, 0.991, Class 4.
0.971, 1.004, Class 4.
0.937, 1.142, Class 4.
1.065, 0.981, Class 4.
0.999, 0.885, Class 4.
0.912, 1.015, Class 4.
0.968, 0.907, Class 4.
0.871, 1.091, Class 4.
1.044, 0.940, Class 4.
0.940, 0.961, Class 4.
0.842, 1.082, Class 4.
0.711, 1.039, Class 4.
0.763, 0.966, Class 4.
0.783, 1.011, Class 4.
0.782, 0.932, Class 4.
0.855, 1.009, Class 4.
0.784, 0.956, Class 4.
0.804, 1.065, Class 4.
0.793, 1.051, Class 4.
0.670, 1.042, Class 4.
0.750, 0.976, Class 4.
0.783, 0.960, Class 4.
0.622, 1.014, Class 4.
0.758, 0.965, Class 4.
0.804, 0.997, Class 4.
0.761, 0.970, Class 4.
0.718, 0.947, Class 4.
0.817, 1.000, Class 4.
0.690, 1.017, Class 4.
0.866, 1.093, Class 4.
0.785, 0.936, Class 4.
0.695, 0.957, Class 4.
0.762, 0.859, Class 4.
0.771, 0.915, Class 4.
0.660, 0.866, Class 4.
0.807, 0.997, Class 4.
0.733, 0.929, Class 4.
0.766, 0.950, Class 4.
0.658, 0.923, Class 4.
0.752, 0.924, Class 4.
0.876, 0.812, Class 4.
0.762, 0.836, Class 4.
0.727, 0.870, Class 4.
0.750, 0.812, Class 4.
0.778, 0.794, Class 4.
0.710, 0.787, Class 4.
0.886, 0.751, Class 4.
0.833, 0.858, Class 4.
0.749, 0.837, Class 4.
0.848, 0.780, Class 4.
0.964, 0.844, Class 4.
0.843, 0.781, Class 4.
0.905, 0.737, Class 4.
0.897, 0.833, Class 4.
0.845, 0.772, Class 4.
0.965, 0.764, Class 4.
0.918, 0.788, Class 4.
0.847, 0.823, Class 4.
0.908, 0.749, Class 4.
0.948, 0.814, Class 4.
1.072, 0.850, Class 4.
0.956, 0.660, Class 4.
1.027, 0.830, Class 4.
0.947, 0.826, Class 4.
0.836, 0.873, Class 4.
0.959, 0.773, Class 4.
0.930, 0.813, Class 4.
0.936, 0.808, Class 4.
0.825, 0.797, Class 4.
0.865, 0.756, Class 4.
0.991, 0.780, Class 4.
0.815, 0.799, Class 4.
0.880, 0.706, Class 4.
0.961, 0.799, Class 4.
0.956, 0.727, Class 4.
0.923, 0.804, Class 4.
0.938, 0.859, Class 4.
0.938, 0.780, Class 4.
0.972, 0.806, Class 4.
1.020, 0.803, Class 4.
0.973, 0.727, Class 4.
0.938, 0.765, Class 4.
0.916, 0.819, Class 4.
0.943, 0.875, Class 4.
0.944, 0.780, Class 4.
0.975, 0.729, Class 4.
0.920, 0.762, Class 4.
0.920, 0.816, Class 4.
0.990, 0.737, Class 4.
1.056, 0.830, Class 4.
0.685, 0.890, Class 4.
0.783, 0.899, Class 4.
0.700, 0.845, Class 4.
0.743, 0.770, Class 4.
0.800, 0.763, Class 4.
0.743, 0.841, Class 4.
0.734, 0.802, Class 4.
0.638, 0.797, Class 4.
0.776, 0.853, Class 4.
0.760, 0.907, Class 4.
0.754, 0.883, Class 4.
0.679, 0.886, Class 4.
0.685, 0.916, Class 4.
0.687, 0.826, Class 4.
0.693, 0.832, Class 4.
0.683, 0.821, Class 4.
0.694, 0.845, Class 4.
0.669, 0.894, Class 4.
0.737, 0.843, Class 4.
0.776, 0.884, Class 4.
0.575, 0.967, Class 4.
0.634, 0.937, Class 4.
0.524, 0.906, Class 4.
0.658, 0.940, Class 4.
0.674, 0.878, Class 4.
0.690, 0.898, Class 4.
0.608, 0.891, Class 4.
0.643, 0.895, Class 4.
0.693, 0.920, Class 4.
0.689, 0.858, Class 4.
0.655, 0.972, Class 4.
0.661, 1.001, Class 4.
0.680, 0.955, Class 4.
0.545, 0.985, Class 4.
0.640, 0.952, Class 4.
0.652, 0.911, Class 4.
0.614, 1.046, Class 4.
0.549, 1.027, Class 4.
0.692, 0.956, Class 4.
0.648, 0.886, Class 4.
0.651, 1.008, Class 4.
0.713, 0.992, Class 4.
0.649, 1.086, Class 4.
0.629, 1.005, Class 4.
0.753, 1.044, Class 4.
0.619, 0.988, Class 4.
0.719, 1.027, Class 4.
0.581, 0.997, Class 4.
0.641, 1.040, Class 4.
0.680, 1.022, Class 4.
0.671, 1.046, Class 4.
0.636, 1.086, Class 4.
0.536, 1.085, Class 4.
0.531, 1.048, Class 4.
0.683, 1.087, Class 4.
0.574, 1.029, Class 4.
0.677, 1.029, Class 4.
0.701, 0.948, Class 4.
0.762, 1.097, Class 4.
0.648, 1.026, Class 4.
